train user1[500...2000], test user1[0...500] & user0 & user2
0.0
0.0
4.766547458734071e-19
0.0
0.0
0.0
4.594928501754258e-13
5.113623607831772e-19
6.760114485726644e-15
1.0104457670329961e-14
6.716279099089248e-20
9.700556374683375e-14
0.0
0.0
0.0
0.0
0.0
0.0
3.211906485447657e-14
5.206502616699614e-257
0.0
0.0
0.0
0.0
1.7084392184754625e-17
0.0
0.0
0.0
3.998071530104252e-75
0.0
0.0
2.1721985427964663e-17
0.0
5.7409808222509894e-18
0.0
0.0
0.0
0.0
0.0
0.0
0.0
2.1883231722485213e-12
0.0
1.7555779262616363e-20
2.5521803830378497e-12
0.0
0.0
0.0
0.0
0.00011800721587578542
0.00011800721587578542
3.645099404631595e-10
1.0179290764085175e-14
0.0
0.0
0.0
0.0
0.0
0.0
0.0
0.0
0.0
0.0
0.0
0.0
0.0
0.0
0.0
1.9484581772674892e-22
0.0
1.6379470769897062e-25
0.0
0.0
0.0
0.0
0.0
0.0
0.0
0.0
0.0
1.7167864194058424e-24
0.0
0.0
0.0
0.0
1.1498516799352631e-23
0.0
1.605995042665161e-26
1.0123486390255528e-20
0.0
0.0
0.0
1.0912930233337559e-26
0.0
0.0
0.0
0.0
0.0
0.0
0.0
0.0
0.0
0.0
0.0
0.0
0.0
0.0
0.0
0.0
0.0
0.0
0.0
0.0
0.0
0.0
0.0
0.0
0.0
0.0
0.0
0.0
0.0
0.0
0.0
0.0
0.0
0.0
0.0
0.0
0.0
0.0
0.0
0.0
0.0
0.0
0.0
0.0
0.0
0.0
0.0
0.0
0.0
0.0
0.0
0.0
0.0
1.7648917486841845e-21
0.0
0.0
1.22225626475513e-22
0.0
0.0
0.0
9.76791802244053e-24
1.650273825505198e-22
0.0
1.1498516799352631e-23
0.0
0.0
0.0
0.0
0.0
0.0
0.0
0.0
0.0
0.0
0.0
0.0
0.0
0.0
0.0
0.0
0.0
0.0
0.0
0.0
0.0
9.742290886337446e-23
0.0
5.274834089904647e-29
0.0
0.0
0.0
0.0
0.0
0.0
0.0
0.0
8.27601510604144e-23
0.0
0.0
0.0
0.0
0.0
0.0
3.5285292586469568e-22
0.0
0.0
0.0
0.0
0.0
0.0
0.0
4.0616769403154443e-25
8.27601510604144e-23
0.0
0.0
0.0
3.5145537489983267e-22
0.0
0.0
0.0
0.0
0.0
0.0
0.0
0.0
0.0
0.0
0.0
0.0
0.0
0.0
0.0
0.0
0.0
0.0
0.0
0.0
0.0
6.258857057901445e-27
0.0
0.0
0.0
0.0
0.0
0.0
0.0
0.0
0.0
0.0
0.0
0.0
0.0
0.0
0.0
0.0
0.0
0.0
0.0
0.0
0.0
0.0
0.0
0.0
0.0
0.0
0.0
0.0
0.0
0.0
0.0
0.0
0.0
0.0
0.0
0.0
0.0
0.0
0.0
0.0
0.0
0.0
0.0
2.8239737484135307e-20
0.0
0.0
0.0
0.0
0.0
0.0
0.0
0.0
2.831274150546392e-16
0.0
0.0
0.0
0.0
0.0
0.0
0.0
0.0
0.0
0.0
0.0
0.0
0.0
0.0
0.0
1.7817818435026588e-15
0.0
0.0
0.0
0.0
0.0
0.0
0.0
0.0
0.0
0.0
0.0
0.0
0.0
0.0
0.0
0.0
0.0
0.0
0.0
1.83910896462895e-23
0.0
0.0
0.0
0.0
0.0
0.0
0.0
0.0
0.0
0.0
0.0
0.0
0.0
0.0
0.0
0.0
0.0
0.0
0.0
0.0
0.0
0.0
0.0
0.0
0.0
0.0
0.0
0.0
0.0
0.0
0.0
0.0
0.0
0.0
0.0
0.0
0.0
0.0
0.0
0.0
0.0
0.0
0.0
0.0
0.0
0.0
0.0
0.0
0.0
0.0
0.0
0.0
0.0
0.0
0.0
0.0
0.0
0.0
0.0
0.0
0.0
0.0
0.0
0.0
0.0
0.0
0.0
0.0
0.0
0.0
0.0
0.0
0.0
0.0
0.0
0.0
0.0
0.0
0.0
0.0
0.0
0.0
0.0
4.410140275237836e-26
0.0
0.0
1.1498516799352634e-23
0.0
0.0
0.0
3.362498512263499e-27
0.0
0.0
0.0
0.0
0.0
0.0
1.1365140536353602e-26
2.589681829499528e-26
0.0
0.0
0.0
0.0
0.0
0.0
0.0
2.1630061337948706e-27
0.0
0.0
6.997545126056108e-24
0.0
0.0
0.0
0.0
0.0
0.0
0.0
0.0
0.0
0.0
4.6385158665709725e-24
0.0
0.0
0.0
0.0
0.0
0.0
0.0
0.0
train user1[0...500]+user1[1000...2000], test user1[500...1000] & user0 & user2
4.5700683560832975e-17
1.5378734551720478e-17
0.0
0.0
1.7878644194047787e-13
5.40653985129572e-13
1.5165504989769039e-15
0.0
4.658645243894453e-15
0.0
0.0
0.0
3.1676784057342687e-23
1.5662931538360138e-21
6.560529662885842e-23
3.314903801246993e-15
0.0
0.0
1.2234262267743473e-14
0.0
6.6844325764827795e-19
0.0
2.330721067051422e-14
3.0863977152036332e-263
0.0
0.0
9.642545394561384e-12
0.0
8.257875743123208e-14
1.3984558116937155e-14
0.0
2.0156713870934965e-12
0.0
1.165901033317088e-19
1.8378187606451147e-16
0.0
6.499886414358491e-16
0.0
0.0
8.758216581492428e-10
0.0
0.0
0.0
0.0
1.6072433923575697e-14
0.0
3.441796124172721e-17
0.0
0.0
1.3388715847420819e-14
1.2003976892109662e-06
7.481243476945498e-13
1.2598091711985252e-13
0.0
0.0
0.0
0.0
0.0
0.0
0.0
0.0
0.0
0.0
0.0
0.0
0.0
0.0
0.0
7.422808847190123e-20
0.0
5.8408448293217664e-24
0.0
0.0
0.0
0.0
0.0
0.0
0.0
0.0
0.0
6.520831901073611e-23
0.0
0.0
0.0
0.0
3.995073489688121e-21
0.0
8.364558530518374e-23
9.758569347706214e-20
0.0
0.0
0.0
4.744587557700783e-24
0.0
0.0
0.0
0.0
0.0
0.0
0.0
0.0
0.0
0.0
0.0
0.0
0.0
0.0
0.0
0.0
0.0
0.0
0.0
0.0
0.0
0.0
0.0
0.0
0.0
0.0
0.0
0.0
0.0
0.0
0.0
0.0
0.0
0.0
0.0
0.0
0.0
0.0
0.0
0.0
0.0
0.0
0.0
0.0
0.0
0.0
0.0
0.0
0.0
0.0
0.0
0.0
0.0
1.3013037704765005e-19
0.0
0.0
2.767644164528697e-22
0.0
0.0
0.0
8.382886050510129e-21
8.203847677079741e-20
0.0
3.995073489688121e-21
0.0
0.0
0.0
0.0
0.0
0.0
0.0
0.0
0.0
0.0
0.0
0.0
0.0
0.0
0.0
0.0
0.0
0.0
0.0
0.0
1.0081681925059458e-17
1.8557022117975307e-20
0.0
9.529786695363983e-26
0.0
0.0
0.0
0.0
0.0
0.0
0.0
0.0
3.8938307956864956e-20
1.8750065842639623e-95
1.3757824414743868e-97
0.0
0.0
0.0
0.0
1.2385241465214156e-19
0.0
0.0
0.0
0.0
0.0
0.0
0.0
1.7597029960256013e-24
3.8938307956864956e-20
0.0
0.0
0.0
2.5347494511365058e-20
0.0
0.0
0.0
0.0
0.0
0.0
0.0
0.0
0.0
0.0
0.0
0.0
0.0
0.0
0.0
0.0
0.0
0.0
0.0
1.0752232889212889e-95
0.0
1.2231675088869856e-25
0.0
0.0
0.0
0.0
0.0
0.0
0.0
0.0
0.0
0.0
0.0
0.0
0.0
0.0
0.0
0.0
0.0
0.0
0.0
0.0
0.0
0.0
0.0
0.0
0.0
0.0
0.0
0.0
0.0
0.0
0.0
0.0
0.0
0.0
0.0
0.0
0.0
0.0
0.0
0.0
0.0
0.0
0.0
9.138827449292724e-19
0.0
1.4847170224811679e-37
0.0
0.0
0.0
0.0
0.0
0.0
4.017719724464844e-16
0.0
0.0
0.0
0.0
0.0
0.0
0.0
0.0
0.0
0.0
0.0
0.0
0.0
0.0
0.0
6.460583537128092e-17
0.0
0.0
0.0
0.0
0.0
0.0
0.0
0.0
0.0
0.0
0.0
0.0
0.0
0.0
0.0
0.0
0.0
0.0
0.0
2.4334954387079643e-19
0.0
0.0
0.0
0.0
0.0
0.0
0.0
0.0
0.0
0.0
0.0
0.0
0.0
0.0
0.0
0.0
0.0
0.0
0.0
0.0
0.0
0.0
0.0
0.0
0.0
0.0
0.0
0.0
0.0
0.0
0.0
0.0
0.0
0.0
0.0
0.0
0.0
0.0
0.0
0.0
0.0
0.0
0.0
0.0
0.0
0.0
0.0
0.0
0.0
0.0
0.0
0.0
0.0
0.0
0.0
0.0
0.0
0.0
0.0
0.0
0.0
0.0
0.0
0.0
0.0
0.0
0.0
0.0
0.0
0.0
0.0
0.0
0.0
0.0
0.0
0.0
0.0
0.0
0.0
0.0
0.0
0.0
0.0
0.0
0.0
0.0
3.995073489688121e-21
0.0
0.0
0.0
2.5658061666688343e-47
0.0
0.0
0.0
0.0
0.0
0.0
6.290811637241252e-37
0.0
0.0
0.0
0.0
0.0
0.0
0.0
0.0
0.0
0.0
0.0
0.0
0.0
0.0
0.0
0.0
0.0
0.0
0.0
0.0
0.0
2.088448152355238e-27
2.3932974311573917e-21
6.02582181051338e-175
0.0
0.0
0.0
0.0
0.0
0.0
0.0
train user1[0...1000]+user1[1500...2000], test user1[1000...1500] & user0 & user2
0.0
0.0
3.997778475267615e-22
1.5630396101313464e-15
0.0
0.0
3.0802524331356926e-20
3.9979147175394916e-19
0.0
0.0
0.0
0.0
0.0
2.591527504949757e-18
0.0
1.7406113209256962e-16
4.599766957924472e-19
0.0
0.0
1.6654541497650302e-16
6.04002274098142e-20
6.672788231082532e-12
2.1813843154914767e-12
0.0
0.0
0.0
0.0
4.187843972647959e-17
0.0
0.0
0.0
0.0
1.7755255106468442e-14
0.0
0.0
0.0
0.0
0.0
1.0128949444782463e-14
0.0
7.2369659509202675e-22
0.0
3.422967404781528e-17
2.810877172114831e-16
3.781197396261307e-13
1.6916535995370583e-105
0.0
0.0
0.0
0.0
0.00031124686900466727
6.572418580898165e-09
1.458310279230583e-12
0.0
0.0
0.0
0.0
0.0
0.0
0.0
0.0
0.0
0.0
0.0
0.0
0.0
0.0
0.0
7.0464983909046785e-19
0.0
4.41711953616532e-25
0.0
0.0
0.0
0.0
0.0
0.0
0.0
0.0
0.0
0.0
0.0
0.0
0.0
0.0
0.0
0.0
0.0
0.0
0.0
0.0
0.0
3.0284847023903506e-20
0.0
0.0
0.0
0.0
0.0
0.0
0.0
0.0
0.0
0.0
0.0
0.0
0.0
0.0
0.0
0.0
0.0
0.0
0.0
0.0
0.0
0.0
0.0
0.0
0.0
0.0
0.0
0.0
0.0
0.0
0.0
0.0
0.0
0.0
0.0
0.0
0.0
0.0
0.0
0.0
0.0
0.0
0.0
0.0
0.0
0.0
0.0
0.0
0.0
0.0
0.0
0.0
0.0
3.154579563402663e-17
0.0
0.0
0.0
0.0
0.0
0.0
0.0
0.0
0.0
0.0
0.0
0.0
0.0
0.0
0.0
0.0
0.0
0.0
0.0
0.0
0.0
0.0
0.0
0.0
0.0
0.0
0.0
0.0
0.0
0.0
0.0
0.0
0.0
4.435436554927048e-21
0.0
0.0
0.0
0.0
5.058330188941891e-31
0.0
0.0
1.4563763516572978e-22
7.054915392988049e-19
3.8005534692876634e-25
1.531872458781237e-26
0.0
6.898962647592044e-22
0.0
0.0
0.0
0.0
0.0
0.0
6.985612273071246e-20
0.0
0.0
2.775176087740978e-23
6.763095063932379e-25
7.054915392988049e-19
0.0
0.0
0.0
0.0
0.0
0.0
0.0
0.0
0.0
0.0
0.0
0.0
0.0
0.0
2.5044151608791117e-30
0.0
0.0
0.0
0.0
0.0
0.0
0.0
0.0
0.0
0.0
1.8701943418558644e-21
0.0
0.0
0.0
0.0
0.0
0.0
0.0
0.0
0.0
0.0
0.0
0.0
0.0
0.0
0.0
0.0
0.0
0.0
0.0
0.0
0.0
0.0
0.0
0.0
0.0
0.0
0.0
0.0
0.0
0.0
0.0
0.0
0.0
0.0
0.0
0.0
0.0
0.0
0.0
0.0
0.0
0.0
0.0
2.3317845470014076e-19
0.0
0.0
0.0
0.0
0.0
0.0
0.0
0.0
2.6033548626502992e-15
0.0
0.0
0.0
0.0
0.0
0.0
0.0
0.0
0.0
0.0
0.0
0.0
0.0
0.0
0.0
5.554814054341726e-15
0.0
0.0
0.0
0.0
0.0
0.0
0.0
0.0
0.0
0.0
0.0
0.0
0.0
0.0
0.0
0.0
0.0
0.0
0.0
5.440995186970066e-22
0.0
0.0
0.0
0.0
0.0
0.0
0.0
0.0
0.0
0.0
0.0
0.0
0.0
0.0
0.0
0.0
6.82914072712041e-23
0.0
0.0
0.0
0.0
0.0
0.0
0.0
0.0
0.0
0.0
0.0
0.0
0.0
0.0
0.0
0.0
0.0
0.0
0.0
0.0
7.002959397675253e-22
0.0
0.0
0.0
0.0
0.0
0.0
0.0
0.0
0.0
0.0
0.0
0.0
0.0
0.0
0.0
0.0
0.0
0.0
0.0
0.0
0.0
0.0
0.0
0.0
0.0
0.0
0.0
0.0
0.0
0.0
0.0
0.0
0.0
0.0
0.0
0.0
0.0
0.0
0.0
0.0
0.0
0.0
0.0
0.0
0.0
0.0
0.0
0.0
0.0
0.0
0.0
0.0
0.0
0.0
0.0
0.0
0.0
0.0
0.0
0.0
0.0
0.0
0.0
0.0
0.0
0.0
0.0
0.0
0.0
0.0
0.0
0.0
0.0
0.0
0.0
0.0
0.0
0.0
0.0
0.0
0.0
0.0
7.751248499296247e-23
3.3557073348906254e-21
0.0
0.0
0.0
0.0
0.0
0.0
0.0
train user1[0...1500], test user1[1500...2000] & user0 & user2
0.0
8.670113661079827e-15
0.0
0.0
0.0
0.0
1.6248897708673568e-16
1.586299518945142e-256
3.159456491472136e-17
3.06073091105016e-15
1.3771842946222485e-11
4.310813857901763e-12
1.0644145510598916e-18
0.0
0.0
8.07771505537926e-12
4.464590002432982e-20
4.969889658767033e-211
2.0666046701037773e-20
2.371173276788195e-22
6.245630374246118e-13
5.271697683461111e-21
1.0797767052734043e-16
2.0923348941610398e-18
0.0
0.0
0.0
1.0191412804958011e-23
2.0101370558741376e-14
0.0
2.7312923234336636e-18
8.716191840914627e-23
0.0
2.601139819084249e-22
2.425117482197363e-24
0.0
5.207730882993021e-17
2.6921731781798984e-12
0.0
9.297251720564846e-08
0.0
0.0
0.0
0.0
0.0
0.0
0.0
0.0
6.1380968540183764e-12
5.33799487413775e-19
6.785680864147644e-06
6.028027076604877e-10
3.5324816832783225e-11
0.0
0.0
0.0
0.0
0.0
0.0
1.764808105876465e-24
3.8891646104888508e-28
1.764808105876465e-24
0.0
0.0
0.0
0.0
0.0
0.0
7.508921769349131e-19
1.469663704938567e-24
1.458511118107589e-22
0.0
0.0
0.0
0.0
0.0
0.0
0.0
0.0
0.0
4.5331416937210665e-23
0.0
0.0
0.0
0.0
5.899576490962312e-23
0.0
3.860129579117834e-32
1.940728928441538e-20
0.0
5.599150949244689e-29
0.0
3.2254265283647273e-20
0.0
0.0
0.0
0.0
0.0
0.0
0.0
0.0
0.0
0.0
0.0
0.0
0.0
0.0
0.0
0.0
0.0
0.0
0.0
0.0
0.0
0.0
0.0
0.0
0.0
0.0
0.0
0.0
0.0
1.4698886168088731e-24
7.437992103480896e-241
0.0
0.0
0.0
4.166356167704146e-31
0.0
0.0
0.0
0.0
0.0
0.0
0.0
0.0
0.0
0.0
0.0
0.0
0.0
0.0
0.0
0.0
0.0
0.0
1.3792488682461074e-17
0.0
2.8552436793607783e-29
3.206250854051585e-22
0.0
0.0
7.5697420826428465e-233
1.348006633034427e-22
3.223321701369252e-20
1.4698257770972206e-24
2.4768444994928965e-24
5.031180314302325e-25
0.0
0.0
1.764808105876465e-24
1.152800386138829e-29
0.0
0.0
0.0
1.0657662507302548e-30
0.0
0.0
0.0
0.0
3.739305651823092e-233
0.0
0.0
0.0
5.165283990094716e-31
1.86792755240202e-33
0.0
4.4047902352969626e-26
4.5599326926628366e-21
0.0
5.4000418277471326e-21
0.0
0.0
6.906292363398873e-32
0.0
8.10795741377383e-29
0.0
0.0
4.385787574250598e-22
6.14486027073902e-19
1.7534469332727376e-24
0.0
0.0
2.1327181332929755e-24
3.0167578424145242e-236
0.0
7.721738416353972e-21
0.0
0.0
5.035582398357496e-236
1.0036595250287353e-20
0.0
1.637315020238643e-33
4.7449538373476226e-26
0.0
6.14486027073902e-19
0.0
0.0
0.0
2.3610187239039018e-21
1.764808105876465e-24
0.0
3.462044026760676e-150
0.0
0.0
0.0
0.0
0.0
0.0
0.0
4.745932097602955e-30
0.0
3.97912581864388e-28
0.0
0.0
0.0
0.0
0.0
0.0
7.2605296352135e-51
0.0
0.0
0.0
0.0
4.684359628604603e-234
0.0
0.0
0.0
0.0
0.0
0.0
0.0
0.0
0.0
0.0
0.0
0.0
0.0
0.0
0.0
0.0
0.0
0.0
0.0
0.0
0.0
0.0
0.0
0.0
0.0
0.0
0.0
0.0
0.0
0.0
0.0
0.0
0.0
0.0
0.0
0.0
0.0
0.0
0.0
0.0
8.088144654888507e-19
0.0
5.779396219479471e-85
0.0
0.0
0.0
0.0
0.0
6.570134702885736e-25
1.163250410604845e-14
1.7084016695631975e-26
6.326642714390704e-256
0.0
0.0
0.0
0.0
0.0
0.0
0.0
0.0
0.0
0.0
0.0
0.0
0.0
2.3077244163472662e-14
0.0
0.0
0.0
0.0
0.0
0.0
0.0
0.0
0.0
0.0
6.421495032929962e-36
0.0
0.0
0.0
0.0
0.0
0.0
0.0
0.0
4.7950217686243746e-21
0.0
0.0
0.0
1.0135486473824563e-27
1.345239364020366e-30
0.0
6.314000940890063e-33
0.0
8.723083246338187e-28
0.0
0.0
0.0
0.0
0.0
0.0
0.0
6.946552419342696e-23
0.0
0.0
0.0
0.0
0.0
0.0
0.0
0.0
0.0
0.0
0.0
0.0
0.0
0.0
0.0
0.0
0.0
0.0
0.0
0.0
5.625361429256011e-22
0.0
0.0
0.0
1.710620268832286e-241
0.0
0.0
0.0
0.0
0.0
0.0
0.0
0.0
0.0
0.0
0.0
0.0
0.0
0.0
0.0
0.0
0.0
0.0
0.0
4.759904743378055e-33
0.0
0.0
0.0
0.0
0.0
0.0
0.0
0.0
0.0
5.330795891817766e-32
0.0
0.0
1.6215027565577595e-238
0.0
0.0
0.0
0.0
1.3816816460366192e-154
0.0
0.0
0.0
1.5562440656601616e-27
0.0
0.0
6.595540917346659e-23
0.0
4.978414362821057e-80
4.392301806776469e-34
9.317253421706526e-25
9.105019560665356e-78
0.0
0.0
0.0
0.0
0.0
1.1146798857251598e-23
3.0463376149675413e-34
0.0
4.252673119719473e-236
5.079140234169985e-238
5.035063388074294e-79
0.0
0.0
0.0
1.1096837602442458e-32
4.252673119719473e-236
0.0
3.7351662192063717e-29
0.0
0.0
0.0
0.0
4.5856735618866876e-26
0.0
0.0
0.0
1.0475859364325163e-28
8.445069373672752e-26
4.172152211111498e-23
4.277530871656179e-21
0.0
0.0
0.0
0.0
0.0
0.0
0.0
