train user2[500...2000], test user2[0...500] & user0 & user1
0.0
0.0
0.0
0.0
0.0
0.0
0.0
0.0
0.0
0.0
0.0
0.0
0.0
0.0
6.522084480578334e-15
0.0
0.0
0.0
0.0
0.0
0.0
0.0
0.0
0.0
0.0
0.0
0.0
0.0
0.0
0.0
0.0
0.0
0.0
0.0
0.0
0.0
0.0
0.0
0.0
0.0
0.0
0.0
0.0
0.0
0.0
0.0
0.0
0.0
0.0
0.0
0.0
0.0
0.0
0.0
0.0
0.0
0.0
0.0
0.0
0.0
0.0
0.0
0.0
0.0
0.0
0.0
0.0
0.0
0.0
0.0
0.0
0.0
0.0
0.0
0.0
0.0
0.0
0.0
0.0
0.0
0.0
0.0
0.0
0.0
0.0
0.0
0.0
0.0
0.0
0.0
0.0
0.0
0.0
0.0
0.0
0.0
0.0
0.0
0.0
0.0
0.0
0.0
0.0
0.0
0.0
0.0
0.0
0.0
0.0
0.0
0.0
0.0
0.0
0.0
0.0
0.0
0.0
0.0
0.0
0.0
0.0
0.0
0.0
0.0
0.0
0.0
0.0
0.0
0.0
0.0
0.0
0.0
0.0
0.0
0.0
0.0
0.0
0.0
0.0
0.0
0.0
0.0
0.0
0.0
0.0
0.0
0.0
0.0
0.0
2.1115827592173647e-08
0.0
0.0
0.0
0.0
0.0
0.0
0.0
0.0
0.0
0.0
0.0
0.0
0.0
0.0
0.0
0.0
0.0
0.0
0.0
0.0
0.0
0.0
0.0
0.0
0.0
0.0
0.0
0.0
0.0
0.0
0.0
0.0
0.0
0.0
0.0
0.0
0.0
0.0
0.0
0.0
0.0
0.0
0.0
0.0
0.0
0.0
0.0
0.0
0.0
0.0
0.0
0.0
0.0
0.0
0.0
0.0
0.0
0.0
0.0
0.0
0.0
0.0
0.0
0.0
0.0
0.0
0.0
0.0
0.0
0.0
0.0
0.0
0.0
0.0
0.0
0.0
0.0
0.0
0.0
0.0
0.0
0.0
0.0
0.0
0.0
0.0
0.0
0.0
0.0
0.0
0.0
0.0
0.0
0.0
0.0
0.0
0.0
0.0
0.0
0.0
0.0
0.0
0.0
0.0
0.0
0.0
0.0
0.0
0.0
0.0
0.0
0.0
0.0
0.0
0.0
0.0
0.0
0.0
0.0
0.0
0.0
0.0
0.0
0.0
0.0
0.0
0.0
0.0
0.0
0.0
0.0
0.0
0.0
0.0
0.0
0.0
0.0
0.0
0.0
0.0
0.0
0.0
0.0
0.0
0.0
0.0
0.0
0.0
0.0
0.0
0.0
0.0
0.0
0.0
0.0
0.0
0.0
0.0
0.0
0.0
0.0
0.0
0.0
0.0
0.0
0.0
0.0
0.0
0.0
0.0
0.0
0.0
0.0
0.0
0.0
0.0
0.0
0.0
0.0
0.0
0.0
0.0
0.0
0.0
0.0
0.0
0.0
0.0
0.0
0.0
0.0
0.0
0.0
0.0
0.0
0.0
0.0
0.0
0.0
0.0
0.0
0.0
0.0
0.0
0.0
0.0
0.0
0.0
0.0
0.0
0.0
0.0
0.0
0.0
0.0
0.0
0.0
0.0
0.0
0.0
0.0
0.0
0.0
0.0
0.0
0.0
0.0
0.0
0.0
0.0
0.0
0.0
0.0
0.0
0.0
0.0
0.0
0.0
0.0
0.0
0.0
0.0
0.0
0.0
0.0
0.0
0.0
0.0
0.0
0.0
0.0
0.0
0.0
0.0
0.0
0.0
0.0
0.0
0.0
0.0
0.0
0.0
0.0
0.0
0.0
0.0
0.0
0.0
0.0
0.0
0.0
0.0
0.0
0.0
0.0
0.0
0.0
0.0
0.0
0.0
0.0
0.0
0.0
0.0
0.0
0.0
0.0
0.0
0.0
0.0
0.0
0.0
0.0
0.0
0.0
0.0
0.0
0.0
0.0
0.0
train user2[0...500]+user2[1000...2000], test user2[500...1000] & user0 & user1
0.0
4.817640940053875e-265
2.908133551903936e-263
0.0
6.696694308507413e-267
4.218020313991151e-273
2.1788830298574115e-270
0.0
0.0
0.0
0.0
9.984128091820104e-268
0.0
0.0
7.972261680056028e-266
0.0
0.0
0.0
0.0
0.0
2.443325986967943e-260
7.671473676773168e-266
0.0
0.0
0.0
6.317313385658696e-267
7.865637309591777e-269
1.5383797832906768e-262
0.0
6.26880601719513e-272
7.82237215863892e-267
0.0
0.0
0.0
0.0
0.0
0.0
2.5377039158737313e-272
0.0
0.0
0.0
0.0
0.0
0.0
0.0
0.0
0.0
0.0
0.0
0.0
2.380623318730467e-265
5.952846588476331e-264
0.0
0.0
0.0
0.0
0.0
0.0
0.0
3.358134116585946e-261
1.8492344456218477e-261
3.358134116585946e-261
0.0
0.0
0.0
0.0
0.0
0.0
4.394931972582492e-261
3.8544069741219943e-261
4.653030555410144e-272
0.0
0.0
0.0
0.0
0.0
0.0
0.0
0.0
0.0
0.0
0.0
0.0
0.0
0.0
4.838312335034452e-262
0.0
4.7421241545888035e-262
6.157277022872253e-262
0.0
3.790695222324605e-263
0.0
0.0
0.0
0.0
3.6551631883693145e-277
8.089569821066624e-274
0.0
0.0
0.0
0.0
0.0
0.0
0.0
0.0
0.0
0.0
0.0
0.0
0.0
0.0
0.0
0.0
0.0
0.0
0.0
0.0
0.0
0.0
0.0
0.0
0.0
3.413510484260418e-261
1.7531870199696725e-263
0.0
0.0
0.0
2.713661348147891e-262
0.0
0.0
0.0
0.0
0.0
1.7655841935640225e-272
0.0
0.0
0.0
0.0
0.0
0.0
0.0
0.0
0.0
0.0
0.0
0.0
2.2370202172111575e-261
0.0
7.701257320396973e-264
0.0
0.0
0.0
3.1574880097127064e-262
2.578493608335631e-261
1.4755568773091829e-261
3.544661112557623e-261
4.9001087851467374e-262
7.077840653803161e-262
0.0
4.789546648263583e-265
3.358134116585946e-261
6.241919479017615e-283
0.0
0.0
0.0
1.706303949979067e-273
0.0
0.0
0.0
0.0
6.467618428752986e-267
0.0
0.0
1.6317721000556025e-287
0.0
0.0
0.0
1.0155498683731726e-268
1.1395649568398337e-261
0.0
0.0
0.0
0.0
2.717346946649577e-262
0.0
0.0
0.0
0.0
0.0
4.568192805135883e-261
0.0
0.0
0.0
0.0
4.286107534952334e-263
2.217158161123306e-263
1.4841332543313948e-261
0.0
0.0
0.0
0.0
0.0
0.0
0.0
0.0
4.568192805135883e-261
0.0
0.0
0.0
2.8273127714612586e-262
3.358134116585946e-261
0.0
0.0
0.0
0.0
0.0
0.0
0.0
0.0
0.0
0.0
0.0
9.634642085395192e-262
0.0
0.0
0.0
7.212213842582507e-278
0.0
0.0
0.0
0.0
0.0
0.0
0.0
9.734226390876862e-263
0.0
3.6522731321944015e-265
0.0
0.0
0.0
0.0
9.498776359867316e-275
6.586983622075986e-272
0.0
0.0
0.0
0.0
0.0
0.0
0.0
0.0
0.0
4.443218482652008e-274
0.0
0.0
0.0
0.0
0.0
2.6450460881659734e-272
0.0
0.0
0.0
0.0
0.0
0.0
0.0
0.0
0.0
0.0
0.0
0.0
0.0
0.0
0.0
0.0
0.0
0.0
0.0
0.0
0.0
0.0
0.0
0.0
0.0
0.0
0.0
0.0
0.0
0.0
0.0
0.0
0.0
0.0
0.0
0.0
0.0
0.0
0.0
0.0
2.380623318730467e-265
0.0
0.0
0.0
0.0
0.0
0.0
0.0
0.0
0.0
0.0
0.0
0.0
0.0
0.0
0.0
0.0
0.0
0.0
0.0
0.0
0.0
0.0
0.0
0.0
0.0
0.0
0.0
0.0
0.0
0.0
0.0
0.0
0.0
0.0
0.0
0.0
0.0
0.0
0.0
0.0
0.0
0.0
0.0
0.0
0.0
0.0
0.0
0.0
0.0
0.0
0.0
0.0
0.0
0.0
0.0
0.0
0.0
0.0
0.0
0.0
0.0
0.0
0.0
0.0
0.0
0.0
0.0
0.0
0.0
0.0
0.0
0.0
0.0
0.0
0.0
0.0
0.0
0.0
0.0
0.0
0.0
0.0
0.0
0.0
0.0
0.0
0.0
0.0
0.0
0.0
0.0
0.0
0.0
0.0
0.0
0.0
0.0
0.0
0.0
0.0
0.0
0.0
0.0
0.0
0.0
0.0
0.0
0.0
0.0
0.0
0.0
3.0766678106117005e-277
0.0
0.0
0.0
0.0
0.0
0.0
6.983599683011985e-277
0.0
0.0
0.0
0.0
0.0
0.0
0.0
0.0
0.0
0.0
0.0
0.0
0.0
0.0
0.0
0.0
0.0
0.0
0.0
0.0
0.0
0.0
0.0
0.0
0.0
0.0
0.0
0.0
0.0
0.0
0.0
train user2[0...1000]+user2[1500...2000], test user2[1000...1500] & user0 & user1
0.0
0.0
0.0
0.0
0.0
1.8e-322
0.0
0.0
0.0
0.0
0.0
0.0
4.0e-323
0.0
0.0
0.0
0.0
0.0
0.0
0.0
0.0
0.0
0.0
0.0
0.0
0.0
0.0
0.0
0.0
0.0
0.0
0.0
0.0
0.0
0.0
0.0
0.0
0.0
0.0
0.0
0.0
0.0
1.5543311e-316
0.0
0.0
1.6658e-319
2.737e-321
7.30202e-318
2.856e-321
1.7e-322
1.5444e-320
3.656e-319
0.0
0.0
0.0
0.0
0.0
0.0
0.0
1.20951e-316
3.1945632e-317
1.20951e-316
0.0
0.0
0.0
0.0
0.0
0.0
1.4456162e-316
1.35908754e-316
0.0
0.0
0.0
0.0
0.0
0.0
0.0
0.0
0.0
0.0
0.0
0.0
0.0
0.0
0.0
5.612833e-318
0.0
1.299773e-318
1.209491e-317
0.0
2.6553e-319
0.0
0.0
0.0
0.0
0.0
0.0
0.0
0.0
0.0
0.0
0.0
0.0
0.0
0.0
0.0
0.0
0.0
0.0
0.0
0.0
0.0
0.0
0.0
0.0
0.0
0.0
0.0
0.0
0.0
0.0
0.0
1.25434527e-316
1.09184e-319
0.0
0.0
0.0
1.828576e-318
0.0
0.0
0.0
0.0
0.0
0.0
0.0
0.0
0.0
0.0
0.0
0.0
0.0
0.0
0.0
0.0
0.0
0.0
8.9439607e-317
0.0
4.1027e-320
0.0
0.0
0.0
7.20589e-318
4.057972e-317
2.831901e-317
1.28867523e-316
5.38212e-318
1.3177067e-317
0.0
1.658e-320
1.20951e-316
0.0
0.0
0.0
0.0
4.0e-323
0.0
0.0
0.0
0.0
1.6e-322
0.0
0.0
0.0
0.0
0.0
0.0
0.0
2.2408426e-317
0.0
0.0
0.0
0.0
1.217333e-318
0.0
0.0
0.0
0.0
0.0
1.51891234e-316
0.0
0.0
0.0
0.0
3.0083e-319
3.3594e-319
2.7944323e-317
0.0
0.0
0.0
0.0
0.0
0.0
0.0
0.0
1.51891234e-316
0.0
0.0
0.0
3.43929e-318
1.20951e-316
0.0
0.0
0.0
0.0
0.0
0.0
0.0
0.0
0.0
0.0
0.0
2.8211504e-317
0.0
0.0
0.0
0.0
0.0
0.0
0.0
0.0
0.0
0.0
0.0
1.32163e-318
0.0
1.497e-321
0.0
0.0
0.0
0.0
0.0
0.0
0.0
0.0
0.0
0.0
0.0
0.0
0.0
0.0
0.0
0.0
0.0
0.0
0.0
0.0
0.0
0.0
0.0
0.0
0.0
0.0
0.0
0.0
0.0
0.0
0.0
0.0
0.0
0.0
0.0
0.0
0.0
0.0
0.0
0.0
0.0
0.0
0.0
0.0
0.0
0.0
0.0
0.0
0.0
0.0
0.0
0.0
0.0
0.0
0.0
0.0
0.0
0.0
0.0
0.0
0.0
0.0
1.5444e-320
0.0
0.0
0.0
0.0
0.0
0.0
0.0
0.0
0.0
0.0
0.0
0.0
0.0
0.0
0.0
0.0
0.0
0.0
0.0
0.0
0.0
0.0
0.0
0.0
0.0
0.0
0.0
0.0
0.0
0.0
0.0
0.0
0.0
0.0
0.0
0.0
0.0
0.0
0.0
0.0
0.0
0.0
0.0
0.0
0.0
0.0
0.0
0.0
0.0
0.0
0.0
0.0
0.0
0.0
0.0
0.0
0.0
0.0
0.0
0.0
0.0
0.0
0.0
0.0
0.0
0.0
0.0
0.0
0.0
0.0
0.0
0.0
0.0
0.0
0.0
0.0
0.0
0.0
0.0
0.0
0.0
0.0
0.0
0.0
0.0
0.0
0.0
0.0
0.0
0.0
0.0
0.0
0.0
0.0
0.0
0.0
0.0
0.0
0.0
0.0
0.0
0.0
0.0
0.0
0.0
0.0
0.0
0.0
0.0
0.0
0.0
0.0
0.0
0.0
0.0
0.0
0.0
0.0
0.0
0.0
0.0
0.0
0.0
0.0
0.0
0.0
0.0
0.0
0.0
0.0
0.0
0.0
0.0
0.0
0.0
0.0
0.0
0.0
0.0
0.0
0.0
0.0
0.0
0.0
0.0
0.0
0.0
0.0
0.0
0.0
train user2[0...1500], test user2[1500...2000] & user0 & user1
0.0
0.0
0.0
0.0
7.062745580432764e-293
5.204057388077965e-298
0.0
6.915004424181466e-294
4.346665631224702e-296
2.897747614593024e-303
2.436901120082376e-301
1.1557717725619624e-297
2.275987488885622e-300
0.0
5.108000210036993e-294
4.553231509117871e-299
3.291605825993705e-297
0.0
2.2065763881610278e-293
8.830189624617304e-295
8.569900598420586e-295
1.6720755466779617e-294
3.6020944773095194e-302
1.5240536349320715e-303
0.0
0.0
0.0
1.8987576687769423e-294
1.6720755466779617e-294
1.3494003445306144e-296
4.2960423546225406e-294
0.0
0.0
0.0
4.003235237264884e-299
1.2364784182260304e-297
0.0
6.227867241701153e-299
1.5920823866572026e-294
1.5050638791175265e-297
0.0
0.0
1.9277548357192995e-296
0.0
0.0
2.658240146799892e-303
0.0
1.1431854682483524e-305
0.0
0.0
3.221129569580025e-295
2.799858033120997e-294
0.0
0.0
0.0
0.0
0.0
0.0
0.0
1.2954736690179322e-292
2.7972798931040124e-293
1.2954736690179322e-292
0.0
0.0
0.0
0.0
0.0
0.0
1.8722876771517294e-292
1.3100574569820263e-292
1.981460753139855e-304
0.0
0.0
0.0
0.0
0.0
0.0
0.0
0.0
0.0
0.0
0.0
0.0
0.0
0.0
6.006104295144872e-294
0.0
1.183337077998446e-294
1.4624638615805155e-293
0.0
2.376428841491238e-294
0.0
0.0
0.0
0.0
0.0
0.0
0.0
0.0
0.0
0.0
0.0
0.0
0.0
0.0
0.0
0.0
0.0
0.0
0.0
0.0
0.0
0.0
0.0
0.0
0.0
0.0
0.0
0.0
0.0
0.0
0.0
1.3504793620669532e-292
2.7158102978632085e-296
0.0
0.0
0.0
1.1512611702766495e-294
0.0
0.0
0.0
0.0
0.0
8.790563109123337e-303
0.0
0.0
0.0
0.0
0.0
0.0
0.0
0.0
0.0
0.0
0.0
0.0
1.2300571094981354e-292
0.0
7.948587148491986e-295
0.0
0.0
0.0
5.7514761162263745e-294
4.433862940347505e-293
2.7257324189641276e-293
1.329441242973425e-292
6.362190107580324e-294
9.657903492502702e-294
0.0
0.0
1.2954736690179322e-292
2.6037e-320
0.0
0.0
0.0
1.4500466060253709e-298
0.0
0.0
0.0
0.0
3.0002246964256566e-297
0.0
0.0
0.0
0.0
0.0
0.0
1.2871397897542218e-299
2.700155404395636e-293
0.0
0.0
0.0
0.0
4.414025911179066e-295
0.0
0.0
0.0
0.0
0.0
1.816519897017213e-292
0.0
0.0
0.0
0.0
2.579402065696528e-295
0.0
2.757348061831477e-293
0.0
0.0
0.0
0.0
0.0
0.0
0.0
0.0
1.816519897017213e-292
0.0
0.0
0.0
4.2441037390857474e-294
1.2954736690179322e-292
0.0
0.0
0.0
0.0
0.0
0.0
0.0
0.0
0.0
0.0
0.0
2.0302881751527084e-293
0.0
0.0
0.0
2.2658341332901854e-299
0.0
0.0
0.0
0.0
0.0
0.0
0.0
8.678131728798525e-295
0.0
7.958035002976456e-297
0.0
0.0
0.0
0.0
2.6079103649779806e-300
1.34351550205627e-296
0.0
0.0
0.0
0.0
0.0
0.0
0.0
0.0
0.0
5.64408352938829e-305
0.0
0.0
0.0
0.0
0.0
3.922566567558082e-303
0.0
0.0
0.0
0.0
0.0
0.0
0.0
0.0
0.0
0.0
0.0
0.0
0.0
0.0
0.0
0.0
0.0
0.0
0.0
0.0
0.0
0.0
0.0
0.0
0.0
0.0
0.0
0.0
0.0
0.0
0.0
0.0
0.0
0.0
0.0
0.0
0.0
0.0
0.0
0.0
3.221129569580025e-295
0.0
0.0
0.0
0.0
0.0
0.0
0.0
0.0
0.0
0.0
0.0
0.0
0.0
0.0
0.0
0.0
0.0
0.0
0.0
0.0
0.0
0.0
0.0
2.016382100798766e-309
0.0
0.0
0.0
0.0
0.0
0.0
0.0
0.0
0.0
0.0
0.0
0.0
0.0
0.0
0.0
0.0
0.0
0.0
0.0
0.0
0.0
0.0
0.0
0.0
0.0
0.0
0.0
0.0
0.0
0.0
0.0
0.0
0.0
0.0
0.0
0.0
0.0
0.0
0.0
0.0
0.0
0.0
0.0
0.0
0.0
0.0
0.0
0.0
0.0
0.0
0.0
0.0
0.0
0.0
0.0
0.0
0.0
0.0
0.0
0.0
0.0
0.0
0.0
0.0
0.0
0.0
0.0
0.0
0.0
0.0
0.0
0.0
0.0
0.0
0.0
0.0
0.0
0.0
0.0
0.0
0.0
0.0
0.0
0.0
0.0
0.0
0.0
3.220052872039279e-305
0.0
0.0
0.0
0.0
0.0
0.0
6.607038081036301e-303
0.0
0.0
0.0
0.0
0.0
0.0
0.0
0.0
0.0
0.0
0.0
0.0
0.0
0.0
0.0
0.0
0.0
0.0
0.0
0.0
0.0
0.0
0.0
0.0
0.0
0.0
0.0
0.0
0.0
0.0
0.0
