train user2[500...2000], test user2[0...500] & user0 & user1
4.297746645877318e-22
3.5318377241113805e-18
4.7840202203375304e-20
0.0
4.1235912058899444e-11
0.0
0.0
0.0
0.0
0.0
0.0
2.457552681012775e-11
2.4019101143631556e-10
6.016663993984461e-13
5.041291495891079e-15
2.628855661794208e-13
1.007678529251465e-15
0.0
0.0
0.0
0.0
7.385493975401625e-11
0.0
0.0
0.0
1.3381037814744915e-58
0.0
8.234495898469413e-16
0.0
1.4493720360377525e-13
0.0
0.0
0.0
0.0
2.3841669674262742e-58
3.642392803685811e-13
0.0
0.0
0.0
0.0
6.646415139832908e-15
1.36565315492024e-17
4.412112534026553e-19
0.0
0.0
1.905897560024559e-10
4.697418837880731e-17
0.0
5.463559670026043e-25
4.1234801986152674e-18
1.2129147362710305e-63
5.707258091485546e-60
2.508864375165097e-20
0.0
0.0
0.0
0.0
0.0
0.0
1.5232691176413236e-06
5.910593593372589e-07
1.5232691176413236e-06
0.0
0.0
0.0
0.0
0.0
0.0
1.5246507949387884e-06
1.5335075497786075e-06
2.4219190020512095e-19
0.0
0.0
0.0
0.0
0.0
0.0
0.0
0.0
0.0
0.0
3.659072450556764e-288
3.659072450556764e-288
3.659072450556764e-288
0.0
1.0145546213129282e-07
0.0
3.5978859719342054e-08
1.130385670469022e-51
0.0
1.2238517390255382e-08
0.0
0.0
0.0
0.0
1.398405772158371e-23
3.282156729487089e-21
0.0
0.0
0.0
0.0
0.0
0.0
0.0
0.0
0.0
0.0
0.0
0.0
0.0
0.0
0.0
0.0
0.0
0.0
0.0
0.0
0.0
0.0
0.0
0.0
0.0
1.53348973110625e-06
2.493487405722467e-09
0.0
0.0
0.0
4.7112937276531425e-08
0.0
0.0
0.0
0.0
0.0
1.7841879798376558e-14
0.0
0.0
0.0
0.0
0.0
0.0
0.0
0.0
0.0
0.0
0.0
0.0
6.659485222688399e-07
0.0
6.452124283791752e-10
9.118732286545e-10
0.0
0.0
2.2792747502025375e-07
5.949876620430776e-07
2.796298219637985e-07
1.5334916725940313e-06
1.0020255281231106e-07
2.2019731485552998e-07
0.0
3.3091518402069883e-13
1.5232691176413236e-06
2.860902413384703e-10
0.0
0.0
0.0
5.5905680568379956e-14
0.0
0.0
0.0
0.0
5.920645733180106e-11
0.0
0.0
5.4020132777196676e-17
0.0
0.0
0.0
0.0
2.5778483759453687e-07
0.0
0.0
0.0
0.0
3.285476694754764e-08
0.0
0.0
0.0
0.0
0.0
1.5347169804389059e-06
0.0
0.0
0.0
0.0
1.5112069862757e-08
3.2958100523132714e-09
2.643756676815309e-07
0.0
0.0
0.0
0.0
0.0
0.0
0.0
0.0
1.5347169804389059e-06
0.0
0.0
0.0
4.417175095934206e-08
1.5232691176413236e-06
0.0
0.0
0.0
0.0
0.0
0.0
0.0
0.0
0.0
0.0
0.0
5.924820309544227e-07
0.0
0.0
0.0
8.880681715441204e-15
0.0
0.0
0.0
0.0
0.0
0.0
0.0
4.1528060252047973e-08
0.0
6.377288626837248e-11
0.0
0.0
0.0
0.0
1.2453515887750588e-14
1.2191462447508375e-11
0.0
0.0
0.0
0.0
0.0
0.0
0.0
0.0
0.0
2.4630660312333786e-19
0.0
0.0
0.0
0.0
0.0
1.1870261851329484e-17
0.0
0.0
0.0
0.0
0.0
0.0
0.0
0.0
0.0
0.0
0.0
0.0
0.0
0.0
0.0
0.0
0.0
0.0
0.0
0.0
0.0
0.0
0.0
0.0
0.0
0.0
0.0
0.0
0.0
0.0
0.0
0.0
0.0
0.0
0.0
0.0
0.0
0.0
0.0
0.0
1.2129147362710305e-63
0.0
0.0
0.0
0.0
0.0
0.0
8.020739189565607e-21
0.0
0.0
0.0
0.0
0.0
0.0
0.0
0.0
0.0
0.0
0.0
0.0
0.0
0.0
0.0
0.0
1.101279306327257e-26
0.0
0.0
0.0
0.0
0.0
0.0
0.0
0.0
0.0
0.0
0.0
0.0
0.0
0.0
0.0
0.0
0.0
0.0
0.0
0.0
0.0
0.0
0.0
0.0
0.0
0.0
0.0
0.0
0.0
0.0
0.0
0.0
0.0
0.0
0.0
0.0
0.0
0.0
0.0
0.0
0.0
0.0
0.0
0.0
0.0
0.0
0.0
0.0
0.0
0.0
0.0
0.0
0.0
0.0
0.0
0.0
0.0
0.0
0.0
0.0
0.0
0.0
0.0
0.0
0.0
0.0
0.0
0.0
0.0
0.0
0.0
0.0
0.0
0.0
0.0
0.0
0.0
0.0
0.0
0.0
0.0
0.0
0.0
0.0
0.0
0.0
0.0
1.0831491106646061e-22
0.0
0.0
0.0
0.0
0.0
0.0
0.0
0.0
0.0
0.0
0.0
0.0
0.0
0.0
0.0
0.0
0.0
0.0
0.0
0.0
0.0
0.0
0.0
0.0
0.0
0.0
0.0
0.0
0.0
0.0
0.0
0.0
0.0
0.0
0.0
0.0
0.0
0.0
train user2[0...500]+user2[1000...2000], test user2[500...1000] & user0 & user1
1.3541919966089776e-12
5.290087189283496e-12
1.739815099098074e-09
0.0
6.884232496233358e-13
3.231104950357909e-16
1.101465480268502e-16
0.0
8.574301320109244e-124
0.0
0.0
9.523024339289622e-13
1.1518665202584538e-124
0.0
1.4525867971051952e-13
0.0
0.0
0.0
0.0
0.0
2.903063568193448e-07
1.602427306258604e-11
0.0
0.0
3.1386176084989174e-16
1.1033450734379574e-14
7.957441755119801e-17
4.583362920250123e-10
0.0
3.617902148297205e-19
4.128850645482989e-13
0.0
0.0
0.0
0.0
0.0
0.0
1.9447887528894403e-18
0.0
0.0
3.451095841467657e-180
0.0
0.0
0.0
9.716174746474914e-31
0.0
0.0
0.0
0.0
0.0
2.086685707226182e-12
1.1743137564322293e-10
5.725744673815184e-138
0.0
0.0
0.0
0.0
0.0
0.0
1.1504857550374542e-07
3.369342519842017e-08
1.1504857550374542e-07
0.0
0.0
0.0
0.0
0.0
0.0
1.173088060188342e-07
1.1970870496360632e-07
6.087090502958818e-20
0.0
0.0
0.0
0.0
0.0
0.0
0.0
0.0
0.0
0.0
2.1698945949558017e-270
2.1698945949558017e-270
2.1698945949558017e-270
0.0
5.5165099728497965e-09
0.0
3.4246747423896106e-09
8.321682157456637e-09
0.0
2.334076524066797e-10
0.0
0.0
0.0
0.0
7.689157250469476e-28
9.93346455783999e-24
0.0
0.0
0.0
0.0
0.0
0.0
0.0
0.0
0.0
0.0
0.0
0.0
0.0
0.0
0.0
0.0
0.0
0.0
0.0
0.0
0.0
0.0
0.0
0.0
0.0
1.1744556258062854e-07
2.3664527832150926e-10
0.0
0.0
0.0
2.9250931605108807e-09
0.0
0.0
0.0
0.0
0.0
5.623454838083473e-17
0.0
0.0
0.0
0.0
0.0
0.0
0.0
0.0
0.0
0.0
0.0
0.0
8.040806082486949e-08
0.0
3.7174869232796566e-10
2.624404562061634e-11
0.0
0.0
7.311265710007319e-09
3.595070430092623e-08
2.5650017974796118e-08
1.1858921070785769e-07
5.60241331479044e-09
1.0001670483360777e-08
0.0
3.6242303184261235e-11
1.1504857550374542e-07
3.4642687837503085e-12
0.0
0.0
0.0
2.8201788542294624e-13
0.0
0.0
0.0
0.0
4.248474193140319e-12
0.0
0.0
1.9271816450318685e-18
0.0
0.0
0.0
1.0374652047321383e-14
2.1591223717132358e-08
0.0
0.0
0.0
0.0
1.8002434793854867e-09
0.0
0.0
0.0
0.0
0.0
1.208130900546891e-07
0.0
0.0
0.0
0.0
5.95665451411152e-10
4.1216037168677424e-10
2.579559691561164e-08
0.0
0.0
0.0
0.0
0.0
0.0
0.0
0.0
1.208130900546891e-07
0.0
0.0
0.0
3.921311122529692e-09
1.1504857550374542e-07
0.0
0.0
0.0
0.0
0.0
0.0
0.0
0.0
0.0
0.0
0.0
2.762405426082996e-08
0.0
0.0
0.0
1.0386735033338634e-15
0.0
0.0
0.0
0.0
0.0
0.0
0.0
1.6930925994119507e-09
0.0
1.5172479982776957e-11
0.0
0.0
0.0
0.0
1.5103954092152583e-16
1.1039690661944678e-12
0.0
0.0
0.0
0.0
0.0
0.0
0.0
0.0
0.0
9.667365821149758e-22
0.0
0.0
0.0
0.0
0.0
2.306294284815223e-17
0.0
0.0
0.0
0.0
0.0
0.0
0.0
0.0
0.0
0.0
0.0
0.0
0.0
0.0
0.0
0.0
0.0
0.0
0.0
0.0
0.0
0.0
0.0
0.0
0.0
0.0
0.0
0.0
0.0
0.0
0.0
0.0
0.0
0.0
0.0
0.0
0.0
0.0
0.0
0.0
2.086685707226182e-12
0.0
0.0
0.0
0.0
0.0
0.0
0.0
0.0
0.0
0.0
0.0
0.0
0.0
0.0
0.0
0.0
0.0
0.0
0.0
0.0
0.0
0.0
0.0
0.0
0.0
0.0
0.0
0.0
0.0
0.0
0.0
1.3503705477131367e-216
0.0
0.0
0.0
0.0
0.0
0.0
0.0
0.0
0.0
0.0
0.0
0.0
0.0
0.0
0.0
0.0
0.0
0.0
0.0
0.0
0.0
0.0
0.0
0.0
0.0
0.0
0.0
0.0
0.0
0.0
0.0
0.0
0.0
0.0
0.0
0.0
0.0
0.0
0.0
0.0
0.0
0.0
0.0
0.0
0.0
0.0
0.0
0.0
0.0
0.0
0.0
0.0
0.0
0.0
0.0
0.0
0.0
0.0
0.0
0.0
0.0
0.0
0.0
0.0
0.0
0.0
0.0
0.0
0.0
0.0
0.0
0.0
0.0
0.0
0.0
0.0
0.0
0.0
0.0
1.2241051744468716e-24
0.0
0.0
0.0
0.0
0.0
0.0
1.271417495883681e-22
0.0
0.0
0.0
0.0
0.0
0.0
0.0
0.0
0.0
0.0
0.0
0.0
0.0
0.0
0.0
0.0
0.0
0.0
0.0
0.0
0.0
0.0
0.0
0.0
0.0
0.0
0.0
0.0
0.0
0.0
0.0
train user2[0...1000]+user2[1500...2000], test user2[1000...1500] & user0 & user1
7.53432212173946e-296
3.624647431719799e-64
0.0
0.0
0.0
9.680533204188532e-15
0.0
0.0
0.0
0.0
0.0
0.0
1.4881256051184363e-14
0.0
0.0
0.0
0.0
0.0
2.231641596028155e-278
0.0
0.0
0.0
0.0
0.0
0.0
9.286262402040115e-61
0.0
5.456435745189068e-16
6.659610269206413e-58
8.274048216434245e-50
0.0
0.0
0.0
0.0
0.0
0.0
8.86978947999111e-53
0.0
0.0
0.0
0.0
0.0
9.706264917809468e-08
1.6188147154716917e-22
1.7658289977922717e-20
2.0298050550807685e-10
2.0838636373051308e-12
3.342489548293888e-09
2.8716475260231222e-12
1.152045287795255e-13
1.0833563270420275e-11
3.067099248602665e-10
0.0
0.0
0.0
0.0
0.0
0.0
0.0
7.463009991353134e-08
2.2768270215596854e-08
7.463009991353134e-08
0.0
0.0
0.0
0.0
0.0
0.0
8.093339902099842e-08
8.407356893656136e-08
0.0
0.0
0.0
0.0
0.0
0.0
0.0
0.0
0.0
0.0
0.0
0.0
0.0
0.0
0.0
3.6972658831746388e-09
0.0
2.371823047031393e-09
7.040510573218164e-09
0.0
1.6407003112669934e-10
0.0
0.0
0.0
0.0
8.990754887419474e-28
1.3919861802004553e-23
0.0
0.0
0.0
0.0
0.0
0.0
0.0
0.0
0.0
0.0
0.0
0.0
0.0
0.0
0.0
0.0
0.0
0.0
0.0
0.0
0.0
0.0
0.0
0.0
0.0
7.879097447981409e-08
1.0116896843651798e-10
0.0
0.0
0.0
1.74691040330768e-09
0.0
0.0
0.0
0.0
0.0
1.548977465076728e-17
0.0
0.0
0.0
0.0
0.0
0.0
0.0
0.0
0.0
0.0
0.0
0.0
5.890045186957603e-08
0.0
5.7612080301866505e-11
1.2225098666702278e-57
0.0
0.0
4.4011207737664165e-09
2.8061859547162136e-08
2.0548716675030893e-08
8.126289106006888e-08
3.748290723254226e-09
6.114628451256947e-09
0.0
1.5008872307427723e-11
7.463009991353134e-08
0.0
0.0
0.0
0.0
4.648200893767044e-13
0.0
0.0
0.0
0.0
4.105232056460045e-12
0.0
0.0
2.857192472192351e-54
0.0
0.0
0.0
5.290803653343205e-15
1.520266316246748e-08
0.0
0.0
0.0
0.0
2.0663957027212564e-09
0.0
0.0
0.0
0.0
0.0
8.729125736805103e-08
0.0
0.0
0.0
0.0
3.301677036595895e-10
2.618196270094942e-10
2.1504435253395685e-08
0.0
0.0
0.0
0.0
0.0
0.0
0.0
0.0
8.729125736805103e-08
0.0
0.0
0.0
2.6071748725249566e-09
7.463009991353134e-08
0.0
0.0
0.0
0.0
0.0
0.0
0.0
0.0
0.0
0.0
0.0
1.643958122340934e-08
0.0
0.0
0.0
2.286897377018772e-16
0.0
0.0
0.0
0.0
0.0
0.0
0.0
1.0687378218360376e-09
0.0
2.7548540497609873e-13
0.0
0.0
0.0
0.0
3.959786483386446e-56
3.203422019082131e-14
0.0
0.0
0.0
0.0
0.0
0.0
0.0
0.0
0.0
0.0
0.0
0.0
0.0
0.0
0.0
0.0
0.0
0.0
0.0
0.0
0.0
0.0
0.0
0.0
0.0
0.0
0.0
0.0
0.0
0.0
0.0
0.0
0.0
0.0
0.0
0.0
0.0
0.0
0.0
0.0
0.0
0.0
0.0
0.0
0.0
0.0
0.0
0.0
0.0
0.0
0.0
0.0
0.0
0.0
0.0
0.0
1.0833563270420275e-11
0.0
0.0
0.0
0.0
0.0
0.0
0.0
0.0
0.0
0.0
0.0
0.0
0.0
0.0
0.0
0.0
0.0
0.0
0.0
0.0
0.0
0.0
0.0
0.0
0.0
0.0
0.0
0.0
0.0
0.0
0.0
0.0
0.0
0.0
0.0
0.0
0.0
0.0
0.0
0.0
0.0
0.0
0.0
0.0
0.0
0.0
0.0
0.0
0.0
0.0
0.0
0.0
0.0
0.0
0.0
0.0
0.0
0.0
0.0
0.0
0.0
0.0
0.0
0.0
0.0
0.0
0.0
0.0
0.0
0.0
0.0
0.0
0.0
0.0
0.0
0.0
0.0
0.0
0.0
0.0
0.0
0.0
0.0
0.0
0.0
0.0
0.0
0.0
0.0
0.0
0.0
0.0
0.0
0.0
0.0
0.0
0.0
0.0
0.0
0.0
0.0
0.0
0.0
0.0
0.0
0.0
0.0
0.0
0.0
0.0
0.0
0.0
0.0
0.0
0.0
0.0
0.0
0.0
1.5020745416501653e-23
0.0
0.0
0.0
0.0
0.0
0.0
0.0
0.0
0.0
0.0
0.0
0.0
0.0
0.0
0.0
0.0
0.0
0.0
0.0
0.0
0.0
0.0
0.0
0.0
0.0
0.0
0.0
0.0
0.0
0.0
0.0
train user2[0...1500], test user2[1500...2000] & user0 & user1
0.0
0.0
0.0
3.0751223159837603e-22
1.5570491684945243e-08
3.5541835359022914e-13
0.0
1.0206393457724336e-09
8.243166429443716e-12
5.772702689167446e-17
1.7218956180738446e-16
1.0060970278204204e-12
6.106806656791508e-15
0.0
9.949900582389878e-10
6.905098845334896e-15
6.331048371303916e-12
0.0
5.631556019511699e-09
9.496621894916497e-11
2.301686352689489e-10
2.794519127611321e-10
4.949162990799512e-18
1.941654167651176e-19
0.0
0.0
0.0
4.42896967769696e-10
2.794519127611321e-10
2.612609800003702e-12
9.051307898347152e-10
0.0
0.0
0.0
6.73704202311177e-14
1.6271871345222807e-13
0.0
7.655473500508423e-13
1.0297471814962896e-09
5.401423258056008e-13
7.358935192984575e-16
6.861669421086033e-10
1.822323850931406e-12
0.0
0.0
1.9487567733959243e-17
0.0
1.0555917912181905e-21
0.0
0.0
3.65811087690385e-11
4.749250741533364e-10
0.0
0.0
0.0
0.0
0.0
0.0
0.0
3.1787704758942703e-08
6.411454702336449e-09
3.1787704758942703e-08
0.0
0.0
0.0
0.0
0.0
0.0
3.441069702823646e-08
3.540138084104362e-08
1.3084053982536227e-19
0.0
0.0
0.0
0.0
0.0
0.0
0.0
0.0
0.0
0.0
0.0
0.0
0.0
0.0
7.745046790724231e-10
0.0
2.483940313320949e-10
2.5516049754513797e-09
0.0
9.614478335663917e-11
0.0
0.0
0.0
0.0
0.0
0.0
0.0
0.0
0.0
0.0
0.0
0.0
0.0
0.0
0.0
0.0
0.0
0.0
0.0
0.0
0.0
0.0
0.0
0.0
0.0
0.0
0.0
0.0
0.0
0.0
0.0
3.325961489652705e-08
5.2680313044763e-12
0.0
0.0
0.0
2.4313989390433905e-10
0.0
0.0
0.0
0.0
0.0
2.3822689512172903e-17
0.0
0.0
0.0
0.0
0.0
0.0
0.0
0.0
0.0
0.0
0.0
0.0
2.6793347822712254e-08
0.0
1.3750427444815247e-11
9.766473927173722e-12
0.0
0.0
8.77869007225439e-10
8.020827524330958e-09
6.079088434241767e-09
3.423375770969956e-08
7.844885919573406e-10
4.4052087102847575e-09
0.0
0.0
3.1787704758942703e-08
6.4381637783330345e-12
0.0
0.0
0.0
1.0659554279456455e-13
0.0
0.0
0.0
0.0
1.5824542638665848e-12
0.0
0.0
1.4650659893482277e-101
0.0
0.0
0.0
3.710818917223942e-15
4.601640249938457e-09
0.0
0.0
0.0
0.0
2.9375546646808784e-10
0.0
0.0
0.0
0.0
0.0
3.679505816245476e-08
0.0
0.0
0.0
0.0
3.300845323710749e-11
0.0
6.35121341174038e-09
0.0
0.0
0.0
0.0
0.0
0.0
0.0
0.0
3.679505816245476e-08
0.0
0.0
0.0
5.641134753059246e-10
3.1787704758942703e-08
0.0
0.0
0.0
0.0
0.0
0.0
0.0
0.0
0.0
0.0
0.0
4.762053732682867e-09
0.0
0.0
0.0
1.2824754143678466e-15
0.0
0.0
0.0
0.0
0.0
0.0
0.0
1.5388812695797481e-10
0.0
4.91141112483599e-12
0.0
0.0
0.0
0.0
3.783946932646302e-16
2.4841605708770325e-13
0.0
0.0
0.0
0.0
0.0
0.0
0.0
0.0
0.0
1.0689286027647322e-21
0.0
0.0
0.0
0.0
0.0
4.432574549837994e-17
0.0
0.0
0.0
0.0
0.0
0.0
0.0
0.0
0.0
0.0
0.0
0.0
0.0
0.0
0.0
0.0
0.0
0.0
0.0
0.0
0.0
0.0
0.0
0.0
0.0
0.0
0.0
0.0
0.0
0.0
0.0
0.0
0.0
0.0
0.0
0.0
0.0
0.0
0.0
0.0
3.65811087690385e-11
0.0
0.0
0.0
0.0
0.0
0.0
0.0
0.0
0.0
0.0
0.0
0.0
0.0
0.0
0.0
0.0
0.0
0.0
0.0
0.0
0.0
0.0
0.0
1.822277704879087e-25
0.0
0.0
0.0
0.0
0.0
0.0
0.0
0.0
0.0
0.0
0.0
0.0
0.0
0.0
0.0
0.0
0.0
0.0
0.0
0.0
0.0
0.0
0.0
0.0
0.0
0.0
0.0
0.0
0.0
0.0
0.0
0.0
0.0
0.0
0.0
0.0
0.0
0.0
0.0
0.0
0.0
0.0
0.0
0.0
0.0
0.0
0.0
0.0
0.0
0.0
0.0
0.0
0.0
0.0
0.0
0.0
0.0
0.0
0.0
0.0
0.0
0.0
0.0
0.0
0.0
0.0
0.0
0.0
0.0
0.0
0.0
0.0
0.0
0.0
0.0
0.0
0.0
0.0
0.0
0.0
0.0
0.0
0.0
0.0
0.0
0.0
0.0
1.5475651515111395e-24
0.0
0.0
0.0
0.0
0.0
0.0
6.214400753194085e-23
0.0
0.0
0.0
0.0
0.0
0.0
0.0
0.0
0.0
0.0
0.0
0.0
0.0
0.0
0.0
0.0
0.0
0.0
0.0
0.0
0.0
0.0
0.0
0.0
0.0
0.0
0.0
0.0
0.0
0.0
0.0
