train user0[500...2000], test user0[0...500] & user1 & user2
0.0
0.0
0.0
0.0
0.0
0.0
0.0
2.723144435781482e-08
0.0
9.393527559819303e-07
2.403027727183493e-07
9.393527559819303e-07
3.959747427995397e-09
1.1089234382059407e-14
3.480992912773084e-20
6.361148842123097e-13
0.0
7.2074405415381825e-09
8.806911222569061e-07
9.403933306829329e-07
1.4565153231732702e-21
1.0849215552284596e-14
0.0
0.0
5.075303740700217e-16
0.0
0.0
2.8386718999293365e-20
1.7980990325187519e-16
3.9000643526041787e-14
7.938038077529253e-11
0.0
0.0
0.0
0.0
5.1746034572604427e-08
3.861071467928948e-17
3.92723743274965e-09
0.0
0.0
8.803957930117049e-10
0.0
4.0902456565240905e-10
0.0
0.0
0.0
0.0
1.4919036197133718e-12
0.0
2.0794084915447334e-10
0.0
0.0
0.0
0.0
0.0
0.0
0.0
0.0
0.0
0.0
0.0
0.0
0.0
0.0
0.0
0.0
0.0
0.0
0.0
0.0
0.0
0.0
0.0
0.0
0.0
0.0
0.0
0.0
0.0
0.0
0.0
0.0
0.0
0.0
0.0
0.0
0.0
0.0
0.0
0.0
0.0
0.0
0.0
0.0
0.0
0.0
0.0
0.0
0.0
0.0
0.0
0.0
0.0
0.0
0.0
0.0
0.0
0.0
0.0
0.0
0.0
0.0
0.0
0.0
0.0
0.0
0.0
0.0
0.0
0.0
0.0
0.0
0.0
0.0
0.0
0.0
0.0
0.0
0.0
0.0
0.0
0.0
0.0
0.0
0.0
0.0
0.0
0.0
0.0
0.0
0.0
0.0
0.0
0.0
0.0
0.0
0.0
0.0
0.0
0.0
0.0
0.0
0.0
0.0
0.0
0.0
0.0
0.0
0.0
0.0
0.0
0.0
0.0
0.0
0.0
0.0
0.0
0.0
0.0
0.0
0.0
0.0
0.0
0.0
0.0
0.0
0.0
0.0
0.0
0.0
0.0
0.0
0.0
0.0
0.0
0.0
0.0
0.0
0.0
0.0
0.0
0.0
0.0
0.0
0.0
0.0
0.0
0.0
0.0
0.0
0.0
0.0
0.0
0.0
0.0
0.0
0.0
0.0
0.0
0.0
0.0
0.0
0.0
0.0
0.0
0.0
0.0
0.0
0.0
0.0
0.0
0.0
0.0
0.0
0.0
0.0
0.0
0.0
0.0
0.0
0.0
0.0
0.0
0.0
0.0
0.0
0.0
0.0
0.0
0.0
0.0
0.0
0.0
0.0
0.0
0.0
0.0
0.0
0.0
0.0
0.0
0.0
0.0
0.0
0.0
0.0
0.0
0.0
0.0
0.0
0.0
0.0
0.0
0.0
0.0
0.0
0.0
0.0
0.0
0.0
0.0
0.0
0.0
0.0
0.0
0.0
0.0
0.0
0.0
0.0
0.0
0.0
0.0
0.0
0.0
0.0
0.0
0.0
0.0
0.0
0.0
0.0
0.0
0.0
0.0
0.0
0.0
0.0
0.0
0.0
0.0
0.0
0.0
0.0
0.0
0.0
0.0
0.0
0.0
0.0
0.0
0.0
0.0
0.0
0.0
0.0
0.0
0.0
0.0
0.0
1.1431149009225779e-06
0.0
0.0
0.0
0.0
0.0
0.0
0.0
0.0
0.0
0.0
0.0
0.0
0.0
0.0
0.0
0.0
9.036429385430284e-12
0.0
0.0
0.0
0.0
0.0
0.0
0.0
0.0
0.0
0.0
0.0
0.0
0.0
0.0
0.0
0.0
0.0
0.0
0.0
0.0
1.0798527899741678e-07
0.0
0.0
0.0
0.0
0.0
0.0
0.0
0.0
0.0
0.0
0.0
0.0
0.0
0.0
0.0
0.0
0.0
0.0
0.0
0.0
0.0
0.0
0.0
0.0
0.0
0.0
0.0
0.0
0.0
0.0
0.0
0.0
0.0
3.8066454416974936e-07
0.0
0.0
1.0562888248663013e-09
0.0
0.0
0.0
0.0
2.1307369886413048e-14
0.0
0.0
0.0
2.1188778548224527e-10
0.0
0.0
5.038515581564992e-08
0.0
0.0
0.0
0.0
0.0
0.0
0.0
0.0
0.0
0.0
1.4827519766713755e-08
1.946683337517563e-09
0.0
1.823294149442241e-08
0.0
0.0
0.0
0.0
0.0
8.614766523596134e-10
1.823294149442241e-08
0.0
0.0
0.0
0.0
0.0
0.0
0.0
0.0
0.0
0.0
2.824584853886419e-15
0.0
0.0
0.0
0.0
0.0
0.0
0.0
0.0
0.0
0.0
train user0[0...500]+user0[1000...2000], test user0[500...1000] & user1 & user2
0.0
0.0
0.0
0.0
0.0
1.4458640708408317e-12
0.0
0.0
0.0
0.0
4.3041105172754605e-12
0.0
3.6458988972149197e-19
0.0
0.0
0.0
0.0
7.424370317447608e-10
0.0
0.0
0.0
2.3533583753520328e-08
8.507644017848379e-07
0.0
6.612133385836771e-13
1.5420565081389277e-12
1.2619966418037653e-12
1.0684510034510571e-08
0.0
0.0
0.0
6.853320501026261e-11
0.0
2.0422655547015443e-15
0.0
4.184644388924001e-15
0.0
0.0
0.0
0.0
0.0
0.0
0.0
0.0
0.0
0.0
5.318615027539015e-07
0.0
2.715675557483916e-10
0.0
0.0
0.0
0.0
0.0
0.0
0.0
0.0
0.0
0.0
0.0
0.0
0.0
0.0
0.0
0.0
0.0
0.0
0.0
0.0
0.0
0.0
0.0
0.0
0.0
0.0
0.0
0.0
0.0
0.0
0.0
0.0
0.0
0.0
0.0
0.0
0.0
0.0
0.0
0.0
0.0
0.0
0.0
0.0
0.0
0.0
0.0
0.0
0.0
0.0
0.00032817386657906514
0.0
0.0
0.0
0.0
0.0
0.0
0.0
0.0
0.0
0.0
0.0
0.0
0.0
0.0
0.0
0.0
0.0
0.0
0.0
0.0
0.0
0.0
0.0
0.0
0.0
0.0
0.0
0.0
0.0
0.0
0.0
0.0
0.0
0.0
0.0
0.0
0.0
0.0
0.0
0.0
0.0
0.0
0.0
0.0
0.0
0.0
0.0
0.0
0.0
0.0
0.0
0.0
0.0
0.0
0.0
0.0
0.0
0.0
0.0
0.0
0.0
0.0
0.0
0.0
0.0
0.0
0.0
0.0
0.0
0.0
0.0
0.0
0.0
0.0
0.0
0.0
0.0
0.0
0.0
0.0
0.0
0.0
0.0
0.0
0.0
0.0
0.0
0.0
0.0
0.0
0.0
0.0
0.0
0.0
0.0
0.0
0.0
0.0
0.0
0.0
0.0
0.0
0.0
0.0
0.0
0.0
0.0
0.0
0.0
0.0
0.0
0.0
0.0
0.0
0.0
0.0
0.0
0.0
0.0
0.0
0.0
0.0
0.0
0.0
0.0
0.0
0.0
0.0
0.0
0.0
0.0
0.0
0.0
0.0
0.0
0.0
0.0
0.0
0.0
0.0
0.0
0.0
0.0
0.0
0.0
0.0
0.0
0.0
0.0
0.0
0.0
0.0
0.0
0.0
0.0
0.0
0.0
0.0
0.0
0.0
0.0
0.0
0.0
0.0
0.0
0.0
0.0
0.0
0.0
0.0
0.0
0.0
0.0
0.0
0.0
0.0
0.0
0.0
0.0
0.0
0.0
0.0
0.0
6.312605718574672e-14
0.0
0.0
0.0
0.0
0.0
0.0
0.0
0.0
0.0
0.0
0.0
0.0
0.0
0.0
0.0
0.0
0.0
0.0
0.0
0.0
0.0
0.0
0.0
0.0
0.0
0.0
0.0
0.0
0.0
0.0
0.0
0.0
0.0
0.0
0.0
0.0
8.857624831335854e-07
0.0
0.0
0.0
0.0
0.0
0.0
0.0
0.0
0.0
0.0
0.0
0.0
0.0
0.0
0.0
0.0
0.0
0.0
0.0
0.0
0.0
0.0
0.0
0.0
0.0
0.0
0.0
0.0
0.0
0.0
0.0
0.0
0.0
0.0
0.0
0.0
0.0
0.0
0.0
0.0
0.0
0.0
0.0
0.0
0.0
0.0
0.0
0.0
0.0
0.0
0.0
0.0
0.0
0.0
0.0
0.0
0.0
0.0
0.0
0.0
0.0
0.0
0.0
0.0
0.0
0.0
0.0
0.0
0.0
0.0
0.0
4.0720054514131264e-07
0.0
0.0
0.0
0.0
0.0
0.0
0.0
0.0
0.0
0.0
0.0
0.0
0.0
0.0
3.3134580290283925e-08
0.0
0.0
0.0
0.0
0.0
0.0
0.0
0.0
0.0
0.0
7.529010249044502e-10
0.0
0.0
0.0
0.0
0.0
0.0
0.0
3.705318027424718e-15
0.0
0.0
0.0
0.0
0.0
0.0
0.0
0.0
0.0
0.0
0.0
0.0
5.346101406043753e-13
0.0
0.0
0.0
0.0
0.0
0.0
0.0
0.0
0.0
1.0560666212259959e-188
train user0[0...1000]+user0[1500...2000], test user0[1000...1500] & user1 & user2
6.752748952631356e-09
0.0
3.5484311569445853e-230
6.834109604597227e-08
5.354019911929729e-08
3.7658970381957303e-07
1.2090326854218044e-08
2.577522642015418e-08
0.0
0.0
3.774929965119399e-07
5.621286286965571e-11
0.0
0.0
0.0
2.509583164188944e-12
1.4316297078832047e-13
1.595688289858818e-13
0.0
3.563725943469865e-15
1.688445945576989e-233
0.0
9.977492742755896e-16
0.0
1.2806572259328854e-14
0.0
0.0
0.0
5.989967813418633e-08
1.1964537326164713e-09
3.1809361885340503e-12
1.044717825341934e-09
2.7906603063821585e-10
1.5299892607904112e-09
7.995225705081749e-14
0.0
5.699341033722235e-85
0.0
0.0
2.835153902621436e-07
1.7837042178818515e-12
4.019467599812716e-15
0.0
0.0
1.5803375312828222e-231
6.007562537152096e-139
5.344010722396038e-08
7.254939892866512e-09
0.0
8.442719134884882e-237
0.0
0.0
0.0
0.0
0.0
0.0
0.0
0.0
0.0
0.0
0.0
0.0
0.0
0.0
0.0
0.0
0.0
0.0
0.0
0.0
0.0
0.0
0.0
0.0
0.0
0.0
0.0
0.0
0.0
0.0
0.0
0.0
0.0
0.0
0.0
0.0
0.0
0.0
0.0
0.0
0.0
0.0
0.0
0.0
0.0
0.0
0.0
0.0
0.0
8.984821558586062e-05
0.0
0.0
0.0
0.0
0.0
0.0
0.0
0.0
0.0
0.0
0.0
0.0
0.0
0.0
0.0
0.0
0.0
0.0
0.0
0.0
0.0
0.0
0.0
0.0
0.0
0.0
0.0
0.0
0.0
0.0
0.0
0.0
0.0
0.0
0.0
0.0
0.0
0.0
0.0
0.0
0.0
0.0
0.0
0.0
0.0
0.0
0.0
0.0
0.0
0.0
0.0
0.0
0.0
0.0
0.0
0.0
0.0
0.0
0.0
0.0
0.0
0.0
0.0
0.0
0.0
0.0
0.0
0.0
0.0
0.0
0.0
0.0
0.0
0.0
0.0
0.0
0.0
0.0
0.0
0.0
0.0
0.0
0.0
0.0
0.0
0.0
0.0
0.0
0.0
0.0
0.0
0.0
0.0
0.0
0.0
0.0
0.0
0.0
0.0
0.0
0.0
0.0
0.0
0.0
0.0
0.0
0.0
0.0
0.0
0.0
0.0
0.0
0.0
0.0
0.0
0.0
0.0
0.0
0.0
0.0
0.0
0.0
0.0
0.0
0.0
0.0
0.0
0.0
0.0
0.0
0.0
0.0
0.0
0.0
0.0
0.0
0.0
0.0
0.0
0.0
0.0
0.0
0.0
0.0
0.0
0.0
0.0
0.0
0.0
0.0
0.0
0.0
0.0
0.0
0.0
0.0
0.0
0.0
0.0
0.0
0.0
0.0
0.0
0.0
0.0
0.0
0.0
0.0
0.0
0.0
0.0
0.0
0.0
0.0
0.0
0.0
0.0
0.0
0.0
0.0
0.0
0.0
0.0
1.4954062157543437e-13
0.0
0.0
0.0
0.0
0.0
0.0
0.0
0.0
0.0
0.0
0.0
0.0
0.0
0.0
0.0
0.0
0.0
0.0
0.0
0.0
0.0
0.0
0.0
0.0
0.0
0.0
0.0
0.0
0.0
0.0
0.0
0.0
0.0
0.0
0.0
0.0
3.4259914276065027e-07
0.0
0.0
0.0
0.0
0.0
0.0
0.0
0.0
0.0
0.0
0.0
0.0
0.0
0.0
0.0
0.0
0.0
0.0
0.0
0.0
0.0
0.0
0.0
0.0
0.0
0.0
0.0
0.0
0.0
0.0
0.0
0.0
0.0
0.0
0.0
0.0
0.0
0.0
0.0
0.0
0.0
0.0
0.0
0.0
0.0
0.0
0.0
0.0
0.0
0.0
0.0
0.0
0.0
0.0
0.0
0.0
0.0
0.0
0.0
0.0
0.0
0.0
0.0
0.0
0.0
0.0
0.0
0.0
0.0
0.0
0.0
1.4798012297994065e-07
0.0
0.0
4.608861714954689e-232
0.0
0.0
0.0
0.0
0.0
0.0
0.0
0.0
0.0
0.0
0.0
1.4281481444419442e-08
0.0
0.0
0.0
0.0
0.0
0.0
0.0
0.0
0.0
0.0
2.2625420020125823e-09
0.0
0.0
8.70522588609967e-231
1.753e-320
0.0
2.643e-321
0.0
1.4621133306935754e-15
0.0
8.70522588609967e-231
0.0
0.0
0.0
0.0
0.0
0.0
0.0
0.0
0.0
0.0
1.5993453464372568e-12
1.0584357635536045e-16
0.0
0.0
0.0
0.0
0.0
0.0
0.0
0.0
5.535657718100712e-94
train user0[0...1500], test user0[1500...2000] & user1 & user2
0.0
0.0
7.995535959152618e-17
0.0
0.0
4.7327932547864503e-07
4.740129474631651e-08
2.5076304622549925e-14
0.0
2.104575843753035e-08
6.219139103607729e-07
1.0027957329918274e-08
0.0
0.0
0.0
2.6020599249366495e-09
0.0
1.309394210961223e-13
0.0
0.0
0.0
4.832587631075356e-09
1.0067254339703857e-07
2.5705751677230297e-09
0.0
0.0
7.704495392634828e-15
2.7594525841771983e-12
3.875351497006794e-13
1.3015399616540337e-15
0.0
2.0176522368886704e-12
4.992766819099286e-10
0.0
0.0
3.397901397121688e-09
1.722731807044146e-11
1.5418646758321607e-10
4.1903873938042177e-10
0.0
2.3605359050493575e-14
0.0
1.2013360534463065e-11
0.0
2.71953975897254e-17
0.0
1.2869872138708747e-12
0.0
3.906906186391932e-15
0.0
0.0
0.0
0.0
0.0
0.0
0.0
0.0
0.0
0.0
0.0
0.0
0.0
0.0
0.0
0.0
0.0
0.0
0.0
0.0
0.0
0.0
0.0
0.0
0.0
0.0
0.0
0.0
0.0
0.0
0.0
0.0
0.0
0.0
0.0
0.0
0.0
0.0
0.0
0.0
0.0
0.0
0.0
0.0
0.0
0.0
0.0
0.0
0.0
0.0
0.00010028293618441736
0.0
0.0
0.0
0.0
0.0
0.0
0.0
0.0
0.0
0.0
0.0
0.0
0.0
0.0
0.0
0.0
0.0
0.0
0.0
0.0
0.0
0.0
0.0
0.0
0.0
0.0
0.0
0.0
0.0
0.0
0.0
0.0
0.0
0.0
0.0
0.0
0.0
0.0
0.0
0.0
0.0
0.0
0.0
0.0
0.0
0.0
0.0
0.0
0.0
0.0
0.0
0.0
0.0
0.0
0.0
0.0
0.0
0.0
0.0
0.0
0.0
0.0
0.0
0.0
0.0
0.0
0.0
0.0
0.0
0.0
0.0
0.0
0.0
0.0
0.0
0.0
0.0
0.0
0.0
0.0
0.0
0.0
0.0
0.0
0.0
0.0
0.0
0.0
0.0
0.0
0.0
0.0
0.0
0.0
0.0
0.0
0.0
0.0
0.0
0.0
0.0
0.0
0.0
0.0
0.0
0.0
0.0
0.0
0.0
0.0
0.0
0.0
0.0
0.0
0.0
0.0
0.0
0.0
0.0
0.0
0.0
0.0
0.0
0.0
0.0
0.0
0.0
0.0
0.0
0.0
0.0
0.0
0.0
0.0
0.0
0.0
0.0
0.0
0.0
0.0
0.0
0.0
0.0
0.0
0.0
0.0
0.0
0.0
0.0
0.0
0.0
0.0
0.0
0.0
0.0
0.0
0.0
0.0
0.0
0.0
0.0
0.0
0.0
0.0
0.0
0.0
0.0
0.0
0.0
0.0
0.0
0.0
0.0
0.0
0.0
0.0
0.0
0.0
0.0
0.0
0.0
0.0
0.0
2.3295063347881806e-13
0.0
0.0
0.0
0.0
0.0
0.0
0.0
0.0
0.0
0.0
0.0
0.0
0.0
0.0
0.0
0.0
0.0
0.0
0.0
0.0
0.0
0.0
0.0
0.0
0.0
0.0
0.0
0.0
0.0
0.0
0.0
0.0
0.0
0.0
0.0
0.0
6.248878328001119e-07
0.0
0.0
0.0
0.0
0.0
0.0
0.0
0.0
0.0
0.0
0.0
0.0
0.0
0.0
0.0
0.0
0.0
0.0
0.0
0.0
0.0
0.0
0.0
0.0
0.0
0.0
0.0
0.0
0.0
0.0
0.0
0.0
0.0
0.0
0.0
0.0
0.0
0.0
0.0
0.0
0.0
0.0
0.0
0.0
0.0
0.0
0.0
0.0
0.0
0.0
0.0
0.0
0.0
0.0
0.0
0.0
0.0
0.0
0.0
0.0
0.0
0.0
0.0
0.0
0.0
0.0
0.0
0.0
0.0
0.0
0.0
2.931281500249228e-07
0.0
0.0
0.0
0.0
0.0
0.0
0.0
0.0
0.0
0.0
0.0
0.0
0.0
0.0
2.507015776609709e-08
0.0
0.0
0.0
0.0
0.0
0.0
0.0
0.0
0.0
0.0
3.461046751170975e-09
0.0
0.0
0.0
0.0
0.0
0.0
0.0
2.292958525066298e-15
0.0
0.0
0.0
0.0
0.0
0.0
0.0
0.0
0.0
0.0
0.0
0.0
1.849950444253541e-12
1.0410193139614817e-16
0.0
0.0
0.0
0.0
0.0
0.0
0.0
0.0
0.0
