train user1[500...2000], test user1[0...500] & user0 & user2
0.0
0.0
2.230228041567843e-18
0.0
4.287028772685371e-131
6.074858178817488e-141
7.725732646332066e-13
1.7983253169477046e-19
7.633763492392463e-15
2.762512703846259e-14
7.463360226888807e-20
2.2092108702092601e-13
2.589551488266708e-97
0.0
1.0513199686210786e-140
0.0
0.0
1.3495186930958178e-135
8.868921989562195e-14
4.266821155082433e-35
0.0
0.0
2.725531477173121e-90
0.0
1.6941071578065208e-17
0.0
1.5811755569936082e-132
0.0
5.408603502975018e-17
0.0
0.0
4.98120324425504e-15
2.897376409209254e-133
1.9065228238514006e-17
0.0
0.0
0.0
0.0
0.0
0.0
0.0
5.4460830657740365e-12
0.0
1.144812395871013e-20
3.713347693527931e-12
0.0
0.0
1.2876316838814898e-107
0.0
7.147248220011707e-05
7.147248220011707e-05
3.1197253129035606e-10
8.915042947072663e-15
0.0
0.0
0.0
0.0
0.0
0.0
3.650821158202852e-146
3.1156583681354266e-147
3.650821158202852e-146
0.0
0.0
0.0
0.0
0.0
0.0
1.454720598297043e-21
2.798365266765527e-146
6.139857989936276e-25
0.0
0.0
0.0
0.0
0.0
0.0
0.0
0.0
0.0
7.67003065471094e-24
0.0
0.0
0.0
0.0
6.207387610865984e-23
0.0
3.97102858434378e-26
2.2350258683418827e-20
0.0
1.0634529108938678e-151
0.0
1.3192790193638692e-25
0.0
0.0
0.0
0.0
0.0
0.0
0.0
0.0
0.0
0.0
0.0
0.0
0.0
0.0
0.0
0.0
0.0
0.0
0.0
0.0
0.0
0.0
0.0
0.0
0.0
0.0
0.0
0.0
0.0
2.7983652667655263e-146
4.252489602951689e-152
0.0
0.0
0.0
6.841722310039238e-149
0.0
0.0
0.0
0.0
0.0
0.0
0.0
0.0
0.0
0.0
0.0
0.0
0.0
0.0
0.0
0.0
0.0
0.0
1.269456512588158e-20
0.0
2.598781888114959e-149
1.7531330443335183e-22
0.0
0.0
1.368344462007847e-148
6.388886839476421e-23
1.5769899476111158e-21
2.798365266765527e-146
6.207387610865984e-23
2.279005906175337e-148
0.0
0.0
3.650821158202852e-146
3.077346223383559e-159
0.0
0.0
0.0
3.714801869009367e-148
0.0
0.0
0.0
0.0
7.646239731982521e-149
0.0
0.0
0.0
0.0
0.0
0.0
2.2016882612850532e-136
7.273602991485215e-22
0.0
1.1769423569893293e-27
0.0
0.0
1.5096305836756474e-149
0.0
0.0
0.0
0.0
0.0
7.4862775359042285e-22
0.0
0.0
0.0
0.0
1.1345885081241066e-149
0.0
2.3488562171368046e-21
0.0
0.0
0.0
0.0
0.0
0.0
0.0
1.7552492862469835e-24
7.4862775359042285e-22
0.0
0.0
0.0
1.6133651042082616e-21
3.650821158202852e-146
0.0
0.0
0.0
0.0
0.0
0.0
0.0
0.0
0.0
0.0
0.0
1.6033789085154302e-147
0.0
0.0
0.0
0.0
0.0
0.0
0.0
0.0
4.8565870631369197e-26
0.0
0.0
6.841722310039238e-149
0.0
0.0
0.0
0.0
0.0
0.0
0.0
0.0
0.0
0.0
0.0
0.0
0.0
0.0
0.0
0.0
0.0
0.0
0.0
0.0
0.0
0.0
0.0
0.0
0.0
0.0
0.0
0.0
0.0
0.0
0.0
0.0
0.0
0.0
0.0
0.0
0.0
0.0
0.0
0.0
3.3107939846866993e-20
0.0
1.575813669303424e-151
0.0
0.0
0.0
0.0
0.0
4.952704151616545e-143
5.725143042715905e-16
1.2762251883327994e-147
5.9316789450247165e-148
0.0
0.0
0.0
0.0
0.0
0.0
0.0
0.0
0.0
0.0
0.0
0.0
0.0
1.0868743511835101e-15
0.0
0.0
0.0
0.0
0.0
0.0
0.0
0.0
0.0
0.0
6.124421066628308e-164
0.0
0.0
0.0
0.0
0.0
0.0
0.0
0.0
9.188348454558355e-23
0.0
0.0
0.0
1.357078497095138e-140
8.495207779956726e-152
0.0
1.8499602605938842e-152
0.0
3.211348393264787e-148
0.0
0.0
0.0
0.0
0.0
0.0
0.0
1.8356117185761055e-140
0.0
0.0
0.0
0.0
0.0
0.0
0.0
0.0
0.0
0.0
0.0
0.0
0.0
0.0
0.0
0.0
0.0
0.0
0.0
0.0
0.0
0.0
0.0
0.0
1.6972740482858396e-159
0.0
0.0
0.0
0.0
0.0
0.0
0.0
0.0
0.0
0.0
0.0
0.0
0.0
0.0
0.0
0.0
0.0
0.0
0.0
4.4509926385925104e-150
0.0
0.0
0.0
0.0
0.0
0.0
0.0
0.0
0.0
7.972673346357771e-150
0.0
0.0
4.982920841473607e-151
0.0
0.0
0.0
0.0
8.504979205903377e-152
0.0
0.0
0.0
2.452752138441557e-26
0.0
0.0
6.207387610865984e-23
0.0
5.532982495756165e-41
1.9613955201981464e-162
2.781700658571619e-35
1.0900262296942237e-39
0.0
0.0
0.0
0.0
0.0
4.373050987373311e-26
2.114254172625582e-26
0.0
1.1677630014736632e-149
1.3553335192854717e-184
8.523665808881848e-59
0.0
0.0
0.0
1.987000592397241e-27
1.1677630014736632e-149
0.0
6.197250326075063e-23
0.0
0.0
0.0
0.0
4.099490913902529e-151
0.0
0.0
0.0
9.545882231533645e-151
7.16181777609927e-144
3.990812687886904e-24
8.690652325507914e-136
0.0
0.0
0.0
0.0
0.0
0.0
0.0
train user1[0...500]+user1[1000...2000], test user1[500...1000] & user0 & user2
1.0724133937351404e-16
3.951733953181712e-16
0.0
0.0
4.868626250229735e-13
4.567037859129276e-12
4.241196188928583e-15
0.0
7.931829672280852e-14
0.0
0.0
0.0
9.59220387387158e-23
3.2297829494837133e-23
5.150832366424311e-22
2.0759634318800175e-14
0.0
0.0
4.3749221308640576e-15
0.0
1.389719863663441e-199
0.0
9.118559623854629e-14
3.6033239044483244e-20
0.0
0.0
1.050052340215216e-11
0.0
4.923863954028855e-14
3.0921957713821676e-14
0.0
1.0719710976427281e-14
0.0
2.4430867309129394e-21
1.9032256186979836e-16
0.0
5.517312781394175e-16
0.0
0.0
1.9972554325304531e-10
0.0
0.0
0.0
0.0
8.03665047649036e-15
0.0
5.54779414173565e-16
0.0
0.0
2.859479425595346e-14
3.507694163870019e-07
7.174096900954237e-13
1.1766281913562217e-12
0.0
0.0
0.0
0.0
0.0
0.0
3.812235587744669e-239
1.045751745776552e-239
3.812235587744669e-239
0.0
0.0
0.0
0.0
0.0
0.0
2.3180974927271854e-20
1.9049561455252914e-238
5.387500970566591e-25
0.0
0.0
0.0
0.0
0.0
0.0
0.0
0.0
0.0
4.583015817717089e-22
0.0
0.0
0.0
0.0
1.5897197616096441e-21
0.0
4.362570708476492e-23
3.345204853877386e-20
0.0
7.635837619477828e-243
0.0
3.1973216658798042e-24
0.0
0.0
0.0
0.0
0.0
0.0
0.0
0.0
0.0
0.0
0.0
0.0
0.0
0.0
0.0
0.0
0.0
0.0
0.0
0.0
0.0
0.0
0.0
0.0
0.0
0.0
0.0
0.0
0.0
3.560874763078177e-239
0.0
0.0
0.0
0.0
2.3835967669432734e-241
0.0
0.0
0.0
0.0
0.0
0.0
0.0
0.0
0.0
0.0
0.0
0.0
0.0
0.0
0.0
0.0
0.0
0.0
5.937238481345399e-20
0.0
4.50269539608177e-241
4.146990105883775e-22
0.0
0.0
0.0
2.1134689801625087e-21
3.0560467265105355e-20
3.560874763078177e-239
1.5897197616096441e-21
5.9788281507181206e-241
0.0
0.0
3.812235587744669e-239
8.022173855093116e-240
0.0
0.0
0.0
0.0
0.0
0.0
0.0
0.0
0.0
0.0
0.0
0.0
1.1080457819823875e-251
1.1207068678210249e-66
0.0
8.198066219937233e-18
5.7952437318179634e-21
0.0
4.6425506985148394e-26
0.0
0.0
2.8007393181547138e-241
0.0
6.39725711839777e-55
0.0
0.0
2.8075029954502614e-45
7.704545263548152e-21
7.884386861133329e-33
2.512026255663996e-33
0.0
1.9961457850917692e-54
0.0
0.0
8.588585530483694e-20
0.0
0.0
0.0
2.389364854058131e-42
0.0
4.1201147751738744e-244
6.0991568272409076e-55
2.9541450101984475e-23
7.704545263548152e-21
0.0
0.0
0.0
1.678825881710098e-20
3.812235587744669e-239
0.0
0.0
0.0
0.0
0.0
0.0
0.0
0.0
0.0
3.243263242100474e-66
0.0
2.1906396365553254e-241
0.0
0.0
0.0
0.0
0.0
0.0
2.3597673291711178e-32
0.0
5.500032511446807e-24
0.0
0.0
0.0
0.0
0.0
0.0
0.0
0.0
0.0
0.0
0.0
0.0
0.0
0.0
0.0
0.0
0.0
0.0
0.0
0.0
0.0
0.0
0.0
0.0
0.0
0.0
0.0
0.0
0.0
0.0
0.0
0.0
0.0
0.0
0.0
0.0
0.0
0.0
0.0
0.0
0.0
0.0
0.0
3.863501657585712e-19
0.0
6.970794120368695e-147
0.0
0.0
0.0
0.0
0.0
0.0
3.4095017702369867e-16
8.523322674798004e-240
0.0
0.0
0.0
0.0
0.0
0.0
0.0
0.0
0.0
0.0
0.0
0.0
0.0
0.0
1.2216257183675842e-15
0.0
0.0
0.0
0.0
0.0
0.0
0.0
0.0
0.0
0.0
0.0
0.0
0.0
0.0
0.0
0.0
0.0
0.0
0.0
1.4717623821898457e-19
0.0
0.0
0.0
0.0
0.0
0.0
0.0
0.0
0.0
0.0
0.0
0.0
0.0
0.0
0.0
0.0
5.297817457798015e-43
0.0
0.0
0.0
0.0
0.0
0.0
0.0
0.0
0.0
0.0
0.0
0.0
0.0
0.0
0.0
0.0
0.0
0.0
0.0
0.0
9.838127233678148e-43
0.0
0.0
0.0
0.0
0.0
0.0
0.0
0.0
0.0
0.0
0.0
0.0
0.0
0.0
0.0
0.0
0.0
0.0
0.0
0.0
0.0
0.0
0.0
0.0
0.0
0.0
0.0
0.0
0.0
0.0
0.0
0.0
0.0
2.8939932672863578e-241
0.0
0.0
0.0
0.0
0.0
0.0
0.0
0.0
0.0
0.0
0.0
5.889604134346562e-25
0.0
0.0
1.5897197616096441e-21
0.0
2.931265082743493e-54
5.690202074341246e-244
8.357267046067812e-22
1.5083328857203325e-55
0.0
0.0
0.0
0.0
0.0
8.18342176399318e-24
1.2641779752288077e-24
0.0
0.0
0.0
1.1972427793945294e-53
0.0
0.0
0.0
6.505033574580031e-26
0.0
0.0
6.616131558681422e-21
0.0
0.0
0.0
0.0
0.0
0.0
0.0
0.0
3.6167759329162074e-242
6.259686922204876e-27
9.260583052147945e-22
2.914492081004068e-24
0.0
0.0
0.0
0.0
0.0
0.0
0.0
train user1[0...1000]+user1[1500...2000], test user1[1000...1500] & user0 & user2
4.1701432476833216e-13
0.0
6.3746911331356745e-21
3.877035540669871e-16
0.0
0.0
2.4148909405231594e-17
1.7468480057752852e-17
0.0
0.0
0.0
0.0
1.294789825502443e-17
2.3394353253374976e-14
0.0
2.2158485104261343e-14
1.2549308980508715e-19
2.1545112613091506e-13
0.0
5.719147446251959e-15
7.011928465524766e-20
1.8556641353618142e-12
9.223898902555363e-12
0.0
0.0
0.0
0.0
3.076325250616034e-15
0.0
0.0
0.0
1.2873157949717075e-15
4.607394301139386e-13
8.258947246423637e-16
0.0
0.0
0.0
0.0
1.362897525592579e-13
0.0
1.9228624087678844e-22
0.0
1.4098171472980145e-16
6.023898328940781e-15
4.560446474719287e-12
2.2847567379998913e-18
0.0
0.0
0.0
0.0
1.7441047928044731e-06
9.577290478301063e-12
5.775915967350662e-11
0.0
0.0
0.0
0.0
0.0
0.0
0.0
0.0
0.0
0.0
0.0
0.0
0.0
0.0
0.0
4.149810546723621e-19
0.0
3.2335744559100306e-26
0.0
0.0
0.0
0.0
0.0
0.0
0.0
0.0
0.0
0.0
0.0
0.0
0.0
0.0
0.0
0.0
0.0
0.0
0.0
0.0
0.0
2.9021657501959712e-24
0.0
0.0
0.0
0.0
0.0
0.0
0.0
0.0
0.0
0.0
0.0
0.0
0.0
0.0
0.0
0.0
0.0
0.0
0.0
0.0
0.0
0.0
0.0
0.0
0.0
0.0
0.0
0.0
0.0
0.0
0.0
0.0
0.0
0.0
0.0
0.0
0.0
0.0
0.0
0.0
0.0
0.0
0.0
0.0
0.0
0.0
0.0
0.0
0.0
0.0
0.0
0.0
0.0
2.5138198119913223e-18
0.0
0.0
0.0
0.0
0.0
0.0
0.0
0.0
0.0
0.0
0.0
0.0
0.0
0.0
0.0
0.0
0.0
0.0
0.0
0.0
0.0
0.0
0.0
0.0
0.0
0.0
0.0
0.0
0.0
0.0
0.0
0.0
0.0
5.926699188998348e-27
0.0
0.0
0.0
0.0
2.1580578769056772e-97
0.0
0.0
5.502275795812609e-90
2.947367788610222e-19
2.4890632894562177e-24
5.729602819544455e-25
0.0
1.0351733706049145e-91
0.0
0.0
0.0
0.0
0.0
0.0
5.546291557462056e-88
0.0
0.0
8.678756974235483e-93
7.008585293428338e-23
2.947367788610222e-19
0.0
0.0
0.0
0.0
0.0
0.0
2.1444193435055112e-241
0.0
0.0
0.0
0.0
0.0
0.0
0.0
5.44129279547469e-97
0.0
0.0
0.0
0.0
0.0
0.0
0.0
0.0
0.0
0.0
2.3062472729962623e-24
0.0
0.0
0.0
0.0
0.0
0.0
0.0
0.0
0.0
0.0
0.0
0.0
0.0
0.0
0.0
0.0
0.0
0.0
0.0
0.0
0.0
0.0
0.0
0.0
0.0
0.0
0.0
0.0
0.0
0.0
0.0
0.0
0.0
0.0
0.0
0.0
0.0
0.0
0.0
0.0
0.0
0.0
0.0
5.535969045512248e-20
0.0
0.0
0.0
0.0
0.0
0.0
0.0
0.0
1.0233546511876314e-15
0.0
0.0
0.0
0.0
0.0
0.0
0.0
0.0
0.0
0.0
0.0
0.0
0.0
0.0
0.0
7.564853868373298e-15
0.0
0.0
0.0
0.0
0.0
0.0
0.0
0.0
0.0
0.0
0.0
0.0
0.0
0.0
0.0
0.0
0.0
0.0
0.0
4.207442023526151e-20
0.0
0.0
0.0
1.2166386503313826e-24
0.0
0.0
0.0
0.0
0.0
0.0
0.0
0.0
0.0
0.0
0.0
0.0
1.0561738228723007e-23
0.0
0.0
0.0
0.0
0.0
0.0
0.0
0.0
0.0
0.0
0.0
0.0
0.0
0.0
0.0
0.0
0.0
0.0
0.0
0.0
8.182894062019764e-89
0.0
0.0
0.0
0.0
0.0
0.0
0.0
0.0
0.0
0.0
0.0
0.0
0.0
0.0
0.0
0.0
0.0
0.0
0.0
0.0
0.0
0.0
0.0
0.0
0.0
0.0
0.0
0.0
0.0
0.0
0.0
0.0
0.0
0.0
0.0
0.0
0.0
0.0
0.0
0.0
0.0
0.0
0.0
0.0
0.0
4.7699171102448875e-26
0.0
0.0
0.0
0.0
0.0
0.0
0.0
0.0
0.0
0.0
0.0
0.0
0.0
0.0
0.0
0.0
0.0
0.0
0.0
0.0
0.0
0.0
0.0
0.0
0.0
0.0
0.0
0.0
0.0
0.0
0.0
0.0
0.0
0.0
0.0
1.0170738060612204e-27
6.89168758662129e-23
5.632100998797543e-25
0.0
0.0
0.0
0.0
0.0
0.0
0.0
train user1[0...1500], test user1[1500...2000] & user0 & user2
0.0
2.5151794875815545e-14
0.0
0.0
0.0
0.0
7.49394153615481e-15
0.0
1.2669612771136192e-16
1.6921663160980468e-15
1.506677332925082e-12
3.644963279267042e-13
1.0798287311196377e-18
0.0
0.0
3.9750305918529465e-12
6.372924547471255e-21
2.498239994289525e-118
8.989255602221056e-16
2.0284322392936986e-17
1.935390770878143e-12
8.767137103016633e-21
3.4860822770266526e-17
2.466907510053957e-19
0.0
0.0
0.0
2.1480019017073398e-18
1.0293890868685284e-15
0.0
3.161092335841566e-16
0.0
0.0
6.41061900256117e-17
1.773074176400926e-16
0.0
1.7218499482870724e-16
1.2837031659377478e-11
0.0
6.281290712359706e-08
0.0
0.0
0.0
0.0
0.0
0.0
0.0
0.0
1.1254010556261291e-13
1.1899220116075919e-18
1.82014192140362e-05
3.926554104068047e-10
6.63937090878266e-14
0.0
0.0
0.0
0.0
0.0
0.0
0.0
0.0
0.0
0.0
0.0
0.0
0.0
0.0
0.0
1.4457277002638716e-19
0.0
1.6388756465952232e-23
0.0
0.0
0.0
0.0
0.0
0.0
0.0
0.0
0.0
2.520357645953446e-22
0.0
0.0
0.0
0.0
3.3589299022616768e-21
0.0
2.4749828467281826e-24
6.665252543253803e-19
0.0
0.0
0.0
2.419689004549528e-25
0.0
0.0
0.0
0.0
0.0
0.0
0.0
0.0
0.0
0.0
0.0
0.0
0.0
0.0
0.0
0.0
0.0
0.0
0.0
0.0
0.0
0.0
0.0
0.0
0.0
0.0
0.0
0.0
0.0
0.0
0.0
0.0
0.0
0.0
0.0
0.0
0.0
0.0
0.0
0.0
0.0
0.0
0.0
0.0
0.0
0.0
0.0
0.0
0.0
0.0
0.0
0.0
0.0
7.278442125225213e-19
0.0
0.0
1.2360237241990494e-21
0.0
0.0
0.0
7.30912036795653e-21
1.5040170262932863e-19
0.0
3.3589299022616768e-21
0.0
0.0
0.0
0.0
0.0
0.0
0.0
0.0
0.0
0.0
0.0
0.0
0.0
0.0
0.0
0.0
0.0
0.0
1.3935929774657973e-32
0.0
1.5738132082601223e-19
4.819092334212904e-20
0.0
2.910652111055242e-28
0.0
0.0
0.0
0.0
1.2676127262906998e-29
0.0
0.0
2.878500067930333e-23
1.0486472465930808e-19
1.2055126822518802e-25
0.0
0.0
8.696167528283151e-26
0.0
0.0
1.5832942384787715e-19
0.0
0.0
0.0
1.7749491902930138e-21
0.0
0.0
3.5368833022485404e-27
0.0
1.0486472465930808e-19
0.0
0.0
0.0
3.2062026388615126e-20
0.0
0.0
0.0
0.0
0.0
0.0
0.0
0.0
0.0
0.0
6.078484090900667e-32
0.0
0.0
0.0
0.0
0.0
0.0
0.0
0.0
7.026184851075829e-27
0.0
0.0
0.0
0.0
0.0
0.0
0.0
0.0
0.0
0.0
0.0
0.0
0.0
0.0
0.0
0.0
0.0
0.0
0.0
0.0
0.0
0.0
0.0
0.0
0.0
0.0
0.0
0.0
0.0
0.0
0.0
0.0
0.0
0.0
0.0
0.0
0.0
0.0
0.0
0.0
0.0
0.0
0.0
0.0
0.0
1.1591107104533651e-19
0.0
0.0
0.0
0.0
0.0
0.0
0.0
0.0
1.1261436344170854e-15
0.0
0.0
0.0
0.0
0.0
0.0
0.0
0.0
0.0
0.0
0.0
0.0
0.0
0.0
0.0
8.36664661401874e-16
0.0
0.0
0.0
0.0
0.0
0.0
0.0
0.0
0.0
0.0
0.0
0.0
0.0
0.0
0.0
0.0
0.0
0.0
0.0
1.972822003604119e-20
0.0
0.0
0.0
3.3260716711910684e-25
0.0
0.0
0.0
0.0
0.0
0.0
0.0
0.0
0.0
0.0
0.0
0.0
4.752619506571476e-24
0.0
0.0
0.0
0.0
0.0
0.0
0.0
0.0
0.0
0.0
0.0
0.0
0.0
0.0
0.0
0.0
0.0
0.0
0.0
0.0
4.434681166641334e-22
0.0
0.0
0.0
0.0
0.0
0.0
0.0
0.0
0.0
0.0
0.0
0.0
0.0
0.0
0.0
0.0
0.0
0.0
0.0
0.0
0.0
0.0
0.0
0.0
0.0
0.0
0.0
0.0
0.0
0.0
0.0
0.0
0.0
0.0
0.0
0.0
0.0
0.0
0.0
0.0
0.0
0.0
0.0
0.0
0.0
3.06e-322
0.0
0.0
3.3589299022616768e-21
0.0
4.734977337068031e-91
0.0
1.6918558137955896e-24
5.8620196825358245e-92
0.0
0.0
0.0
0.0
0.0
4.396082841420806e-24
6.956e-321
0.0
0.0
0.0
2.3461083885872523e-90
0.0
0.0
0.0
8.6e-322
0.0
0.0
9.19595e-319
0.0
0.0
0.0
0.0
0.0
0.0
0.0
0.0
0.0
0.0
4.088925955225405e-23
1.1997225741387794e-25
0.0
0.0
0.0
0.0
0.0
0.0
0.0
