train user1[500...2000], test user1[0...500] & user0 & user2
0.0
0.0
8.791321849908397e-16
0.0
3.490855628944083e-16
6.941819625198845e-87
2.11268509125516e-13
5.504466779891064e-19
8.688322929505826e-14
6.245899432430176e-15
9.438605279448322e-20
3.30856580719869e-11
4.1226393988470323e-20
0.0
3.0003391042478774e-88
0.0
0.0
7.00789360681677e-108
2.2724189264350107e-14
1.6231094458461225e-22
0.0
0.0
1.425661964237904e-13
0.0
3.948161511555674e-17
0.0
1.5623135286200228e-48
0.0
7.015964244801259e-17
0.0
0.0
8.073836262967369e-15
1.3494446057453027e-114
1.7996397836983104e-17
0.0
0.0
0.0
0.0
0.0
0.0
0.0
6.240984192769296e-12
0.0
2.562999488644296e-20
5.746149331558479e-11
0.0
0.0
5.320071269717118e-54
0.0
2.48028653830919e-06
2.48028653830919e-06
2.527455884638898e-10
7.748200543178673e-13
0.0
0.0
0.0
0.0
0.0
0.0
4.257844778908479e-117
6.032732373110525e-119
4.257844778908479e-117
0.0
0.0
0.0
0.0
0.0
0.0
1.68254092365949e-20
3.912225950987809e-117
9.117895398078083e-25
0.0
0.0
0.0
0.0
0.0
0.0
0.0
0.0
0.0
1.8140613031019676e-23
0.0
0.0
0.0
0.0
1.191955041377293e-22
0.0
6.068063556496656e-28
5.019213147632248e-20
0.0
9.20371203611967e-121
0.0
1.0376679788839387e-21
0.0
0.0
0.0
0.0
0.0
0.0
0.0
0.0
0.0
0.0
0.0
0.0
0.0
0.0
0.0
0.0
0.0
0.0
0.0
0.0
0.0
0.0
0.0
0.0
0.0
0.0
0.0
0.0
0.0
3.912225950987809e-117
1.0878488286558321e-126
0.0
0.0
0.0
3.8246865226049446e-121
0.0
0.0
0.0
0.0
0.0
0.0
0.0
0.0
0.0
0.0
0.0
0.0
0.0
0.0
0.0
0.0
0.0
0.0
6.096182546891387e-19
0.0
4.6453867816042917e-119
2.731978794110928e-22
0.0
0.0
7.649373045209888e-121
2.1334251866152946e-22
2.0292538162990352e-20
3.912225950987809e-117
1.191955041377293e-22
5.1080440897710005e-118
0.0
0.0
4.257844778908479e-117
6.831615229340684e-121
0.0
0.0
0.0
7.481276127572845e-120
0.0
0.0
0.0
0.0
1.1780498200173402e-120
0.0
0.0
0.0
0.0
0.0
0.0
1.1804385510860744e-19
8.412704618297452e-21
0.0
2.058309531542226e-22
0.0
0.0
1.1433225616258892e-121
0.0
0.0
0.0
0.0
0.0
1.5057510809713084e-20
0.0
0.0
0.0
0.0
6.055256330104694e-123
0.0
2.08344926129388e-20
0.0
0.0
0.0
0.0
0.0
0.0
0.0
3.9694810905305946e-24
1.5057510809713084e-20
0.0
0.0
0.0
5.0561840539558986e-21
4.257844778908479e-117
0.0
0.0
0.0
0.0
0.0
0.0
0.0
0.0
0.0
0.0
0.0
5.398854294886763e-119
0.0
0.0
0.0
0.0
0.0
0.0
0.0
0.0
7.780445100725128e-22
0.0
0.0
3.8246865226049433e-121
0.0
0.0
0.0
0.0
0.0
0.0
0.0
0.0
0.0
0.0
0.0
0.0
0.0
0.0
0.0
0.0
0.0
0.0
0.0
0.0
0.0
0.0
0.0
0.0
0.0
0.0
0.0
0.0
0.0
0.0
0.0
0.0
0.0
0.0
0.0
0.0
0.0
0.0
0.0
0.0
3.796855683076369e-18
0.0
1.1478688660510787e-122
0.0
0.0
0.0
0.0
0.0
1.7481358958632484e-113
1.6985145954184126e-15
4.376007672352052e-118
2.8549844237116526e-119
0.0
0.0
0.0
0.0
0.0
0.0
0.0
0.0
0.0
0.0
0.0
0.0
0.0
3.7382364413007555e-15
0.0
0.0
0.0
0.0
0.0
0.0
0.0
0.0
0.0
0.0
1.7431411631126887e-127
0.0
0.0
0.0
0.0
0.0
0.0
0.0
0.0
3.2589284606897227e-23
0.0
0.0
0.0
9.033946813198672e-25
4.845003155984643e-122
0.0
6.266009253057593e-124
0.0
2.1047234403665912e-120
0.0
0.0
0.0
0.0
0.0
0.0
0.0
4.014774092706142e-123
0.0
0.0
0.0
0.0
0.0
0.0
0.0
0.0
0.0
0.0
0.0
0.0
0.0
0.0
0.0
0.0
0.0
0.0
0.0
0.0
0.0
0.0
0.0
0.0
1.0691149336720562e-131
0.0
0.0
0.0
0.0
0.0
0.0
0.0
0.0
0.0
0.0
0.0
0.0
0.0
0.0
0.0
0.0
0.0
0.0
0.0
9.498421823055634e-122
0.0
0.0
0.0
0.0
0.0
0.0
0.0
0.0
0.0
1.2284692690110363e-123
0.0
0.0
7.677932931318978e-125
0.0
0.0
0.0
0.0
2.1756976573116643e-126
0.0
0.0
0.0
5.273773489335302e-26
0.0
0.0
1.191955041377293e-22
0.0
5.112383412923344e-33
3.083119908168087e-126
1.6415113230152557e-24
2.9610817664897573e-30
0.0
0.0
0.0
0.0
0.0
1.2519761010147336e-25
7.977086701305697e-28
0.0
1.0838023178399346e-122
3.5784747455601344e-133
2.3558199144875548e-35
0.0
0.0
0.0
2.3319243880539395e-27
1.0838023178399346e-122
0.0
1.2753782078889326e-23
0.0
0.0
0.0
0.0
1.2165033287065296e-118
0.0
0.0
0.0
4.01743258026548e-120
3.1086931892169027e-44
1.2157054351229041e-23
2.6090342966822793e-23
0.0
0.0
0.0
0.0
0.0
0.0
0.0
train user1[0...500]+user1[1000...2000], test user1[500...1000] & user0 & user2
2.6284044081894194e-14
4.618060731084644e-18
0.0
0.0
1.1093114880662145e-14
3.913206028374166e-11
1.3787284900778943e-31
0.0
2.848512241326735e-32
0.0
0.0
0.0
2.1895072555133046e-20
2.8614127887699655e-23
3.763885227979966e-20
2.4699456532330648e-14
0.0
0.0
7.348742270256842e-23
0.0
2.088089593258461e-49
0.0
4.2407154785410854e-15
4.985542993749921e-50
0.0
0.0
3.139786684960047e-10
0.0
5.116435655007406e-13
1.3673168545481853e-15
0.0
6.483571666696199e-18
0.0
1.3793660235600164e-51
1.9808545846967205e-16
0.0
2.2930226349214556e-16
0.0
0.0
8.101372869378597e-12
0.0
1.0107545448054546e-45
0.0
0.0
2.746580413957238e-17
0.0
2.960515092695792e-17
0.0
0.0
1.0760314199076296e-12
2.957594814204526e-05
1.500133646244881e-09
5.60553119018193e-29
0.0
0.0
0.0
0.0
0.0
0.0
7.694111089222148e-50
7.505283768328725e-52
7.694111089222148e-50
0.0
0.0
0.0
0.0
0.0
0.0
3.770765187860624e-19
7.481019353729569e-50
6.97722848112379e-24
0.0
0.0
0.0
0.0
0.0
0.0
0.0
0.0
0.0
4.24415340502993e-22
0.0
0.0
0.0
0.0
9.195559574865222e-22
0.0
3.309603817784525e-27
7.752902757391586e-19
0.0
2.9421860835712346e-53
0.0
1.5636095290001716e-20
0.0
0.0
0.0
0.0
0.0
0.0
0.0
0.0
0.0
0.0
0.0
0.0
0.0
0.0
0.0
0.0
0.0
0.0
0.0
0.0
0.0
0.0
0.0
0.0
0.0
0.0
0.0
0.0
0.0
7.481019353727974e-50
1.6468484893444294e-60
0.0
0.0
0.0
1.7743024471909016e-54
0.0
0.0
0.0
0.0
0.0
0.0
0.0
0.0
0.0
0.0
0.0
0.0
0.0
0.0
0.0
0.0
0.0
0.0
9.692845666875724e-18
0.0
2.2121820259253886e-52
3.95396180098508e-22
0.0
0.0
7.097209788759708e-54
3.5657428058010386e-21
1.690822839170101e-19
7.481019353727974e-50
9.195559574865222e-22
1.5043758662476021e-50
0.0
0.0
7.694111089222148e-50
3.0066686216816106e-54
0.0
0.0
0.0
0.0
0.0
0.0
0.0
0.0
0.0
0.0
0.0
0.0
1.0978312174768726e-55
1.923160304629023e-31
0.0
4.730684221632058e-19
9.426912969651561e-20
0.0
2.2878536094535756e-21
0.0
0.0
1.441828962366854e-54
0.0
9.345402450091106e-28
0.0
0.0
3.30787400224816e-22
3.655454225355312e-19
1.911454877910676e-24
4.0990106869897943e-25
0.0
1.8851856503149432e-24
1.7853544704560739e-56
0.0
1.695854430715877e-19
0.0
0.0
2.6208042391113284e-58
2.6712215421322924e-20
0.0
1.814809951295757e-59
1.0376245774744302e-25
8.914353189226245e-22
3.655454225355312e-19
0.0
0.0
0.0
2.4247997558875237e-20
7.694111089222148e-50
0.0
0.0
0.0
0.0
0.0
0.0
0.0
0.0
0.0
1.2077406924349133e-29
0.0
7.275770273827776e-52
0.0
0.0
0.0
0.0
0.0
0.0
2.1142770028368444e-24
0.0
3.909026171974828e-21
0.0
0.0
1.774302447189927e-54
0.0
0.0
0.0
0.0
0.0
0.0
0.0
0.0
0.0
0.0
0.0
0.0
0.0
0.0
0.0
0.0
0.0
0.0
0.0
0.0
0.0
0.0
0.0
0.0
0.0
0.0
0.0
0.0
0.0
0.0
0.0
0.0
0.0
0.0
0.0
0.0
0.0
0.0
0.0
0.0
1.8061677464304732e-17
0.0
4.56988546956284e-55
0.0
0.0
0.0
0.0
0.0
0.0
1.7736069826761939e-15
3.9718027659249013e-51
0.0
0.0
0.0
0.0
0.0
0.0
0.0
0.0
0.0
0.0
0.0
0.0
0.0
0.0
4.755102708090299e-16
0.0
0.0
0.0
0.0
0.0
0.0
0.0
0.0
0.0
0.0
0.0
0.0
0.0
0.0
0.0
0.0
0.0
0.0
0.0
1.029663715867564e-21
0.0
0.0
0.0
0.0
0.0
0.0
0.0
0.0
0.0
0.0
0.0
0.0
0.0
0.0
0.0
0.0
3.520950187304899e-26
0.0
0.0
0.0
0.0
0.0
0.0
0.0
0.0
0.0
0.0
0.0
0.0
0.0
0.0
0.0
0.0
0.0
0.0
0.0
0.0
3.9934141177069887e-22
0.0
0.0
0.0
5.9341982028501455e-67
0.0
0.0
0.0
0.0
0.0
0.0
0.0
0.0
0.0
0.0
0.0
0.0
0.0
0.0
0.0
0.0
0.0
0.0
0.0
0.0
0.0
0.0
0.0
0.0
0.0
0.0
0.0
0.0
0.0
4.322001828988166e-56
0.0
0.0
1.6882819644480005e-58
0.0
0.0
0.0
0.0
0.0
0.0
0.0
0.0
4.450665238278428e-23
0.0
0.0
9.195559574865222e-22
0.0
3.503145863823505e-33
2.707315923866916e-60
2.0216813219683948e-24
3.909732465515869e-28
0.0
0.0
0.0
0.0
0.0
4.70132802251566e-23
6.157162366623822e-27
0.0
6.923031499066524e-56
2.3771544784959408e-68
1.8313873368101399e-35
0.0
0.0
0.0
8.531665427584043e-25
6.923031499066524e-56
0.0
1.4424360148121239e-22
0.0
0.0
0.0
0.0
0.0
0.0
0.0
0.0
9.47922165415026e-53
3.841062954953961e-45
8.882801117673462e-23
4.764869503141208e-22
0.0
0.0
0.0
0.0
0.0
0.0
0.0
train user1[0...1000]+user1[1500...2000], test user1[1000...1500] & user0 & user2
1.4289984883146839e-15
0.0
6.480789389930293e-22
4.231279112918916e-15
0.0
0.0
2.0750299595409105e-18
3.601099963082793e-17
0.0
0.0
0.0
0.0
1.3380644317612572e-19
5.177352110367813e-17
0.0
1.0999505764196727e-15
6.24476982106255e-20
3.6151261055487456e-16
0.0
1.2022722328710524e-16
7.046733995881675e-20
2.5494354557838773e-14
1.0471607321902048e-12
0.0
0.0
0.0
0.0
6.959411877707649e-18
0.0
0.0
0.0
2.6172906626092935e-79
1.6833244314534854e-13
0.0
0.0
0.0
0.0
0.0
6.701667582729778e-15
0.0
3.66474549568358e-22
0.0
1.7208248533455246e-18
5.622162495158591e-15
1.275405634342696e-13
0.0
0.0
0.0
0.0
0.0
6.534922795927436e-05
2.8673916314738903e-09
3.2902965628168993e-12
0.0
0.0
0.0
0.0
0.0
0.0
0.0
0.0
0.0
0.0
0.0
0.0
0.0
0.0
0.0
2.223803799013739e-19
0.0
4.178441574627755e-25
0.0
0.0
0.0
0.0
0.0
0.0
0.0
0.0
0.0
0.0
0.0
0.0
0.0
0.0
0.0
0.0
0.0
0.0
0.0
0.0
0.0
5.7121549612177555e-21
0.0
0.0
0.0
0.0
0.0
0.0
0.0
0.0
0.0
0.0
0.0
0.0
0.0
0.0
0.0
0.0
0.0
0.0
0.0
0.0
0.0
0.0
0.0
0.0
0.0
0.0
0.0
0.0
0.0
0.0
0.0
0.0
0.0
0.0
0.0
0.0
0.0
0.0
0.0
0.0
0.0
0.0
0.0
0.0
0.0
0.0
0.0
0.0
0.0
0.0
0.0
0.0
0.0
8.135453714626473e-18
0.0
0.0
0.0
0.0
0.0
0.0
0.0
0.0
0.0
0.0
0.0
0.0
0.0
0.0
0.0
0.0
0.0
0.0
0.0
0.0
0.0
0.0
0.0
0.0
0.0
0.0
0.0
0.0
0.0
0.0
0.0
0.0
0.0
6.792883413679593e-22
0.0
0.0
0.0
0.0
2.6185485374953786e-28
0.0
0.0
2.4494157073478657e-22
2.1377289202348742e-19
1.0588548900839073e-24
2.8064927970843954e-25
0.0
1.0563624738559163e-24
0.0
0.0
0.0
0.0
0.0
0.0
1.4160823025155275e-20
0.0
0.0
4.6815412407272095e-26
6.518417988863211e-22
2.1377289202348742e-19
0.0
0.0
0.0
0.0
0.0
0.0
0.0
0.0
0.0
0.0
0.0
0.0
0.0
0.0
6.916916247748368e-30
0.0
0.0
0.0
0.0
0.0
0.0
0.0
0.0
0.0
0.0
1.9040516537392516e-21
0.0
0.0
0.0
0.0
0.0
0.0
0.0
0.0
0.0
0.0
0.0
0.0
0.0
0.0
0.0
0.0
0.0
0.0
0.0
0.0
0.0
0.0
0.0
0.0
0.0
0.0
0.0
0.0
0.0
0.0
0.0
0.0
0.0
0.0
0.0
0.0
0.0
0.0
0.0
0.0
0.0
0.0
0.0
1.6480198153911077e-17
0.0
0.0
0.0
0.0
0.0
0.0
0.0
0.0
4.19122078462984e-15
0.0
0.0
0.0
0.0
0.0
0.0
0.0
0.0
0.0
0.0
0.0
0.0
0.0
0.0
0.0
8.271174611456019e-15
0.0
0.0
0.0
0.0
0.0
0.0
0.0
0.0
0.0
0.0
0.0
0.0
0.0
0.0
0.0
0.0
0.0
0.0
0.0
2.8717234079594134e-22
0.0
0.0
0.0
2.3793330296828086e-86
0.0
0.0
0.0
0.0
0.0
0.0
0.0
0.0
0.0
0.0
0.0
0.0
3.868678006585303e-25
0.0
0.0
0.0
0.0
0.0
0.0
0.0
0.0
0.0
0.0
0.0
0.0
0.0
0.0
0.0
0.0
0.0
0.0
0.0
0.0
1.3491211840958616e-22
0.0
0.0
0.0
0.0
0.0
0.0
0.0
0.0
0.0
0.0
0.0
0.0
0.0
0.0
0.0
0.0
0.0
0.0
0.0
0.0
0.0
0.0
0.0
0.0
0.0
0.0
0.0
0.0
0.0
0.0
0.0
0.0
0.0
0.0
0.0
0.0
0.0
0.0
0.0
0.0
0.0
0.0
0.0
0.0
0.0
0.0
0.0
0.0
0.0
0.0
0.0
0.0
0.0
0.0
0.0
0.0
0.0
0.0
0.0
0.0
0.0
0.0
0.0
0.0
0.0
0.0
0.0
0.0
0.0
0.0
0.0
0.0
0.0
0.0
0.0
0.0
0.0
0.0
0.0
0.0
0.0
0.0
8.947737103987074e-23
2.6809118629800256e-22
0.0
0.0
0.0
0.0
0.0
0.0
0.0
train user1[0...1500], test user1[1500...2000] & user0 & user2
0.0
1.8616486454131757e-14
0.0
0.0
0.0
0.0
9.099327173498246e-16
0.0
5.457445742040133e-17
2.6866439213242433e-15
1.115539938463662e-11
2.1708207115973225e-14
5.927940729602779e-18
0.0
0.0
9.403992201438094e-12
1.807507812870592e-20
2.7748518672774453e-85
4.208882263525469e-15
8.240349857994829e-18
2.315614078436902e-12
2.234248053532423e-19
1.0207812308300102e-17
7.694666123941031e-18
0.0
0.0
0.0
1.0440038102868144e-17
2.254175611063577e-15
0.0
1.9924257358088027e-17
1.1679339459539452e-16
0.0
2.6880936536452113e-16
4.6719198029129876e-17
0.0
3.0775480875918593e-16
1.471106557220344e-11
0.0
1.4222261599643793e-08
0.0
0.0
0.0
0.0
0.0
0.0
0.0
0.0
1.5921088138534477e-13
9.76012892402546e-19
4.0179573305606473e-07
6.099524874590174e-11
2.564839233225846e-12
0.0
0.0
0.0
0.0
0.0
0.0
0.0
0.0
0.0
0.0
0.0
0.0
0.0
0.0
0.0
7.786428632169234e-20
0.0
4.2327119856238637e-23
0.0
0.0
0.0
0.0
0.0
0.0
0.0
0.0
0.0
6.258575342502781e-23
0.0
0.0
0.0
0.0
9.145366391208718e-22
0.0
9.316384295548254e-26
1.8637670839266972e-19
0.0
0.0
0.0
2.4260411125861003e-25
0.0
0.0
0.0
0.0
0.0
0.0
0.0
0.0
0.0
0.0
0.0
0.0
0.0
0.0
0.0
0.0
0.0
0.0
0.0
0.0
0.0
0.0
0.0
0.0
0.0
0.0
0.0
0.0
0.0
0.0
0.0
0.0
0.0
0.0
0.0
0.0
0.0
0.0
0.0
0.0
0.0
0.0
0.0
0.0
0.0
0.0
0.0
0.0
0.0
0.0
0.0
0.0
0.0
7.8655633042349655e-19
0.0
0.0
1.698625855312064e-21
0.0
0.0
0.0
2.1295862035299358e-21
7.710616109934882e-20
0.0
9.145366391208716e-22
0.0
0.0
0.0
0.0
0.0
0.0
0.0
0.0
0.0
0.0
0.0
0.0
0.0
0.0
0.0
0.0
0.0
0.0
6.789308681372454e-32
0.0
2.441709829714889e-19
2.5954762107230785e-20
0.0
2.976509577934746e-28
0.0
0.0
0.0
0.0
3.526254371726868e-30
0.0
0.0
5.84012595217966e-23
6.0438150791414e-20
2.7632709880239847e-25
0.0
0.0
2.1071681480885063e-25
0.0
0.0
8.233527040284786e-20
0.0
0.0
0.0
5.373864943721077e-22
0.0
0.0
4.711439564587642e-27
0.0
6.0438150791414e-20
0.0
0.0
0.0
1.458143968948124e-20
0.0
0.0
0.0
0.0
0.0
0.0
0.0
0.0
0.0
0.0
5.708384286154053e-31
0.0
0.0
0.0
0.0
0.0
0.0
0.0
0.0
3.0582876741725905e-25
0.0
0.0
0.0
0.0
0.0
0.0
0.0
0.0
0.0
0.0
0.0
0.0
0.0
0.0
0.0
0.0
0.0
0.0
0.0
0.0
0.0
0.0
0.0
0.0
0.0
0.0
0.0
0.0
0.0
0.0
0.0
0.0
0.0
0.0
0.0
0.0
0.0
0.0
0.0
0.0
0.0
0.0
0.0
0.0
0.0
8.306501617843306e-19
0.0
1.7177023367929736e-228
0.0
0.0
0.0
0.0
0.0
0.0
8.542783159008693e-15
0.0
0.0
0.0
0.0
0.0
0.0
0.0
0.0
0.0
0.0
0.0
0.0
0.0
0.0
0.0
1.2176870322655166e-14
0.0
0.0
0.0
0.0
0.0
0.0
0.0
0.0
0.0
0.0
0.0
0.0
0.0
0.0
0.0
0.0
0.0
0.0
0.0
2.5847643724884108e-21
0.0
0.0
0.0
1.6596481271062162e-25
0.0
0.0
0.0
0.0
0.0
0.0
0.0
0.0
0.0
0.0
0.0
0.0
3.71978443756981e-24
0.0
0.0
0.0
0.0
0.0
0.0
0.0
0.0
0.0
0.0
0.0
0.0
0.0
0.0
0.0
0.0
0.0
0.0
0.0
0.0
7.016875491300017e-23
0.0
0.0
0.0
0.0
0.0
0.0
0.0
0.0
0.0
0.0
0.0
0.0
0.0
0.0
0.0
0.0
0.0
0.0
0.0
0.0
0.0
0.0
0.0
0.0
0.0
0.0
0.0
0.0
0.0
0.0
0.0
0.0
0.0
0.0
0.0
0.0
0.0
0.0
0.0
0.0
0.0
0.0
0.0
0.0
0.0
6.145762823169041e-26
0.0
0.0
9.14536639120872e-22
0.0
3.0834182297971256e-111
0.0
5.683241743503172e-23
1.5235034946358634e-111
0.0
0.0
0.0
0.0
0.0
1.3063945410817074e-24
2.2540497099761837e-26
0.0
0.0
0.0
2.4999391330307493e-112
0.0
0.0
0.0
1.1137161274607933e-26
0.0
0.0
6.515290183984826e-23
0.0
0.0
0.0
0.0
0.0
0.0
0.0
0.0
0.0
4.409473447180314e-25
1.2623204257738918e-22
1.7963980578866793e-25
0.0
0.0
0.0
0.0
0.0
0.0
0.0
