train user2[500...2000], test user2[0...500] & user0 & user1
0.0
0.0
0.0
0.0
9.461378247682944e-158
0.0
0.0
0.0
0.0
0.0
0.0
8.807194492609319e-160
8.020338378049247e-12
2.690206136557889e-15
3.931122921678523e-16
4.3869835928262657e-16
1.9216730486906664e-17
0.0
0.0
0.0
0.0
1.8361717233950776e-11
0.0
0.0
0.0
1.369567387285472e-183
0.0
3.856505490633437e-17
0.0
0.0
0.0
0.0
0.0
0.0
1.996393512956313e-182
6.557715644571468e-13
0.0
0.0
0.0
0.0
9.525089640231547e-163
0.0
9.237845499831857e-135
0.0
0.0
1.1011046928944818e-10
7.562057708725341e-17
0.0
1.0544668716848871e-22
0.0
3.420696702025017e-188
5.044474846513974e-184
1.0077990484566302e-127
0.0
0.0
0.0
0.0
0.0
0.0
1.3301115263440424e-06
2.0866104941905564e-07
1.3301115263440424e-06
0.0
0.0
0.0
0.0
0.0
0.0
1.3298139442463093e-06
1.3300521853398022e-06
2.3834969644981242e-18
0.0
0.0
0.0
0.0
0.0
0.0
0.0
0.0
0.0
0.0
0.0
0.0
0.0
0.0
1.573470257269038e-08
0.0
3.14669658166677e-08
6.356407675454485e-177
0.0
5.874876532574495e-09
0.0
0.0
0.0
0.0
2.28859623516651e-166
2.2685838762450605e-164
0.0
0.0
0.0
0.0
0.0
0.0
0.0
0.0
0.0
0.0
0.0
0.0
0.0
0.0
0.0
0.0
0.0
0.0
0.0
0.0
0.0
0.0
0.0
0.0
0.0
1.3305262794522833e-06
1.201914881179306e-09
0.0
0.0
0.0
2.1869669166867195e-08
0.0
0.0
0.0
0.0
0.0
6.217224527848755e-12
0.0
0.0
0.0
0.0
0.0
0.0
0.0
0.0
0.0
0.0
0.0
0.0
5.502753338851529e-07
0.0
1.3775118185763044e-10
6.187152690274608e-10
0.0
0.0
1.098067284687531e-08
1.8292089181677257e-07
1.2394820133372344e-07
1.3302545181567212e-06
1.4425287080829205e-08
2.627058008332314e-07
0.0
2.0342802951144173e-161
1.3301115263440424e-06
4.778842801632578e-10
0.0
0.0
0.0
1.6555567353112674e-13
0.0
0.0
0.0
0.0
4.391912673900092e-12
0.0
0.0
4.0096855280432934e-17
0.0
0.0
0.0
0.0
7.620144111862106e-08
0.0
0.0
0.0
0.0
5.31300038281917e-09
0.0
0.0
0.0
0.0
0.0
1.3299449977530619e-06
0.0
0.0
0.0
0.0
9.549498998277997e-10
1.7351846519649721e-09
1.006780779691111e-07
0.0
0.0
0.0
0.0
0.0
0.0
0.0
0.0
1.3299449977530619e-06
0.0
0.0
0.0
1.2203448408820582e-08
1.3301115263440424e-06
0.0
0.0
0.0
0.0
0.0
0.0
0.0
0.0
0.0
0.0
0.0
1.1208791563323161e-07
0.0
0.0
0.0
2.734327822134831e-16
0.0
0.0
0.0
0.0
0.0
0.0
0.0
1.5806358063452486e-09
0.0
7.73719607411955e-11
0.0
0.0
0.0
0.0
9.468789773645453e-23
6.947762785385219e-12
0.0
0.0
0.0
0.0
0.0
0.0
0.0
0.0
0.0
9.980236284416574e-19
0.0
0.0
0.0
0.0
0.0
6.881763445953026e-20
0.0
0.0
0.0
0.0
0.0
0.0
0.0
0.0
0.0
0.0
0.0
0.0
0.0
0.0
0.0
0.0
0.0
0.0
0.0
0.0
0.0
0.0
0.0
0.0
0.0
0.0
0.0
0.0
0.0
0.0
0.0
0.0
0.0
0.0
0.0
0.0
0.0
0.0
0.0
0.0
3.420696702025017e-188
0.0
0.0
0.0
0.0
0.0
0.0
3.414964811760689e-129
0.0
0.0
0.0
0.0
0.0
0.0
0.0
0.0
0.0
0.0
0.0
0.0
0.0
0.0
0.0
0.0
1.7601231115827963e-26
0.0
0.0
0.0
0.0
0.0
0.0
0.0
4.107238219002674e-263
0.0
0.0
0.0
0.0
0.0
0.0
0.0
0.0
0.0
0.0
0.0
0.0
0.0
0.0
0.0
0.0
0.0
0.0
0.0
0.0
0.0
0.0
0.0
0.0
0.0
0.0
0.0
0.0
0.0
0.0
0.0
0.0
0.0
0.0
0.0
0.0
0.0
0.0
0.0
0.0
0.0
0.0
0.0
0.0
0.0
0.0
0.0
0.0
0.0
0.0
0.0
0.0
0.0
0.0
0.0
0.0
0.0
0.0
0.0
0.0
0.0
0.0
0.0
0.0
0.0
0.0
0.0
0.0
0.0
0.0
0.0
0.0
0.0
0.0
0.0
0.0
0.0
0.0
0.0
1.171439881839978e-22
0.0
0.0
0.0
0.0
0.0
0.0
0.0
0.0
0.0
0.0
0.0
0.0
0.0
0.0
0.0
0.0
0.0
0.0
0.0
0.0
0.0
0.0
0.0
0.0
0.0
0.0
0.0
0.0
0.0
0.0
0.0
0.0
0.0
0.0
0.0
0.0
0.0
0.0
train user2[0...500]+user2[1000...2000], test user2[500...1000] & user0 & user1
9.705228078581999e-13
9.693792801866607e-12
1.4531026461191605e-09
0.0
5.633911400944828e-13
6.599214705476794e-17
1.1049077502791217e-16
0.0
0.0
0.0
0.0
2.2703822496024322e-12
0.0
0.0
7.048040096331246e-13
0.0
0.0
0.0
0.0
0.0
6.574007185285164e-07
2.139667921777661e-11
0.0
0.0
1.7529364095646167e-15
3.217296734764242e-14
3.3576888028565554e-16
4.044534608262756e-09
0.0
3.112307552112773e-18
3.296123533937866e-13
0.0
0.0
0.0
0.0
0.0
0.0
2.0827522934847174e-17
0.0
0.0
0.0
0.0
0.0
0.0
7.714767619214643e-91
0.0
0.0
0.0
0.0
0.0
4.8042288855175916e-12
1.710511987582825e-10
1.773470437693453e-285
0.0
0.0
0.0
0.0
0.0
0.0
1.42938250815488e-07
5.004815396200781e-08
1.42938250815488e-07
0.0
0.0
0.0
0.0
0.0
0.0
1.6557721073233047e-07
1.5631362521429425e-07
7.204884939873129e-19
0.0
0.0
0.0
0.0
0.0
0.0
0.0
0.0
0.0
0.0
0.0
0.0
0.0
0.0
9.518347021074091e-09
0.0
3.803397280148465e-09
1.4715881472095062e-08
0.0
6.585287523275146e-10
0.0
0.0
0.0
0.0
6.063606991370064e-32
1.7554606061756383e-27
0.0
0.0
0.0
0.0
0.0
0.0
0.0
0.0
0.0
0.0
0.0
0.0
0.0
0.0
0.0
0.0
0.0
0.0
0.0
0.0
0.0
0.0
0.0
0.0
0.0
1.4573108477632794e-07
1.5797927318304845e-10
0.0
0.0
0.0
4.423014289752315e-09
0.0
0.0
0.0
0.0
0.0
5.180992439132667e-18
0.0
0.0
0.0
0.0
0.0
0.0
0.0
0.0
0.0
0.0
0.0
0.0
9.549980772694092e-08
0.0
4.0600677856056295e-10
4.579045324867099e-11
0.0
0.0
1.0110101106826821e-08
6.187493484305399e-08
3.998527209412379e-08
1.4910219840246073e-07
9.393693913515413e-09
1.9527806704305185e-08
0.0
3.4948948592933706e-11
1.42938250815488e-07
1.1070864773162098e-12
0.0
0.0
0.0
3.4633719042781535e-14
0.0
0.0
0.0
0.0
3.1406976021238036e-12
0.0
0.0
1.8293033871422534e-18
0.0
0.0
0.0
5.414896271659199e-15
3.129321523549915e-08
0.0
0.0
0.0
0.0
3.2087550152661737e-09
0.0
0.0
0.0
0.0
0.0
1.7174045124468595e-07
0.0
0.0
0.0
0.0
7.197528986125718e-10
5.676438161448324e-10
3.835285040835052e-08
0.0
0.0
0.0
0.0
0.0
0.0
0.0
0.0
1.7174045124468595e-07
0.0
0.0
0.0
5.779926547628468e-09
1.42938250815488e-07
0.0
0.0
0.0
0.0
0.0
0.0
0.0
0.0
0.0
0.0
0.0
3.5473499596336467e-08
0.0
0.0
0.0
1.1188181838885242e-15
0.0
0.0
0.0
0.0
0.0
0.0
0.0
2.369163400093635e-09
0.0
4.79501400612863e-11
0.0
0.0
0.0
0.0
8.513886464014432e-36
1.0046655909640259e-12
0.0
0.0
0.0
0.0
0.0
0.0
0.0
0.0
0.0
1.1963751297849668e-21
0.0
0.0
0.0
0.0
0.0
4.352767795776462e-19
0.0
0.0
0.0
0.0
0.0
0.0
0.0
0.0
0.0
0.0
0.0
0.0
0.0
0.0
0.0
0.0
0.0
0.0
0.0
0.0
0.0
0.0
0.0
0.0
0.0
0.0
0.0
0.0
0.0
0.0
0.0
0.0
0.0
0.0
0.0
0.0
0.0
0.0
0.0
0.0
4.8042288855175916e-12
0.0
0.0
0.0
0.0
0.0
0.0
0.0
0.0
0.0
0.0
0.0
0.0
0.0
0.0
0.0
0.0
0.0
0.0
0.0
0.0
0.0
0.0
0.0
0.0
0.0
0.0
0.0
0.0
0.0
0.0
0.0
0.0
0.0
0.0
0.0
0.0
0.0
0.0
0.0
0.0
0.0
0.0
0.0
0.0
0.0
0.0
0.0
0.0
0.0
0.0
0.0
0.0
0.0
0.0
0.0
0.0
0.0
0.0
0.0
0.0
0.0
0.0
0.0
0.0
0.0
0.0
0.0
0.0
0.0
0.0
0.0
0.0
0.0
0.0
0.0
0.0
0.0
0.0
0.0
0.0
0.0
0.0
0.0
0.0
0.0
0.0
0.0
0.0
0.0
0.0
0.0
0.0
0.0
0.0
0.0
0.0
0.0
0.0
0.0
0.0
0.0
0.0
0.0
0.0
0.0
0.0
0.0
0.0
0.0
0.0
0.0
6.637473818988704e-22
0.0
0.0
0.0
0.0
0.0
0.0
1.239927268562677e-19
0.0
0.0
0.0
0.0
0.0
0.0
0.0
0.0
0.0
0.0
0.0
0.0
0.0
0.0
0.0
0.0
0.0
0.0
0.0
0.0
0.0
0.0
0.0
0.0
0.0
0.0
0.0
0.0
0.0
0.0
0.0
train user2[0...1000]+user2[1500...2000], test user2[1000...1500] & user0 & user1
0.0
8.453051796970546e-307
0.0
0.0
0.0
1.4237324540740336e-13
0.0
0.0
0.0
0.0
0.0
0.0
7.283803001289742e-15
0.0
0.0
0.0
0.0
0.0
0.0
0.0
0.0
0.0
0.0
0.0
0.0
9.427689571834155e-142
0.0
2.981635339732713e-16
5.040376163753138e-259
7.719496780519608e-251
0.0
0.0
0.0
0.0
0.0
0.0
1.3348114342706733e-139
0.0
0.0
0.0
0.0
0.0
2.0027067836116143e-07
1.6572981097489398e-20
4.062530070392093e-132
1.0751987226869611e-10
4.3120509039283153e-13
9.182286811747149e-09
1.7437933659612574e-12
1.633232285475728e-13
3.37407535475873e-11
5.042281463186819e-10
0.0
0.0
0.0
0.0
0.0
0.0
0.0
1.110164619982615e-07
3.020622246085359e-08
1.110164619982615e-07
0.0
0.0
0.0
0.0
0.0
0.0
1.4999933310290414e-07
1.290611274065531e-07
0.0
0.0
0.0
0.0
0.0
0.0
0.0
0.0
0.0
0.0
0.0
0.0
0.0
0.0
0.0
5.022472048168344e-09
0.0
1.1131442439407199e-09
1.3727193232530191e-08
0.0
5.793415046613396e-10
0.0
0.0
0.0
0.0
9.606443616046693e-22
1.2738313408701816e-19
0.0
0.0
0.0
0.0
0.0
0.0
0.0
0.0
0.0
0.0
0.0
0.0
0.0
0.0
0.0
0.0
0.0
0.0
0.0
0.0
0.0
0.0
0.0
0.0
0.0
1.1291282117640699e-07
4.696499660484362e-11
0.0
0.0
0.0
1.3630613478870815e-09
0.0
0.0
0.0
0.0
0.0
5.2321439070171295e-16
0.0
0.0
0.0
0.0
0.0
0.0
0.0
0.0
0.0
0.0
0.0
0.0
7.869979362536702e-08
0.0
1.65712899922959e-10
8.56867141065047e-300
0.0
0.0
7.229364855443747e-09
4.2683949692410425e-08
2.751174150311921e-08
1.1764582658626742e-07
4.846968334813444e-09
2.434800057207335e-08
0.0
8.295625605184415e-11
1.110164619982615e-07
0.0
0.0
0.0
0.0
2.2085347386200404e-14
0.0
0.0
0.0
0.0
7.974516679472267e-13
0.0
0.0
2.6976100146600985e-141
0.0
0.0
0.0
3.914399733765186e-15
2.0232994629272047e-08
0.0
0.0
0.0
0.0
2.010121289439982e-09
0.0
0.0
0.0
0.0
0.0
1.5588961783449436e-07
0.0
0.0
0.0
0.0
2.5254795547334884e-10
3.3747086503884006e-10
2.6897602357265364e-08
0.0
0.0
0.0
0.0
0.0
0.0
0.0
0.0
1.5588961783449436e-07
0.0
0.0
0.0
2.6459973849280564e-09
1.110164619982615e-07
0.0
0.0
0.0
0.0
0.0
0.0
0.0
0.0
0.0
0.0
0.0
2.6225336105204658e-08
0.0
0.0
0.0
1.6162785551989944e-16
0.0
0.0
0.0
0.0
0.0
0.0
0.0
1.2275423732678059e-09
0.0
9.579206749979704e-13
0.0
0.0
0.0
0.0
1.0333384233559258e-260
3.870651805946599e-17
0.0
0.0
0.0
0.0
0.0
0.0
0.0
0.0
0.0
0.0
0.0
0.0
0.0
0.0
0.0
0.0
0.0
0.0
0.0
0.0
0.0
0.0
0.0
0.0
0.0
0.0
0.0
0.0
0.0
0.0
0.0
0.0
0.0
0.0
0.0
0.0
0.0
0.0
0.0
0.0
0.0
0.0
0.0
0.0
0.0
0.0
0.0
0.0
0.0
0.0
0.0
0.0
0.0
0.0
0.0
0.0
3.37407535475873e-11
0.0
0.0
0.0
0.0
0.0
0.0
0.0
0.0
0.0
0.0
0.0
0.0
0.0
0.0
0.0
0.0
0.0
0.0
0.0
0.0
0.0
0.0
0.0
0.0
0.0
0.0
0.0
0.0
0.0
0.0
0.0
0.0
0.0
0.0
0.0
0.0
0.0
0.0
0.0
0.0
0.0
0.0
0.0
0.0
0.0
0.0
0.0
0.0
0.0
0.0
0.0
0.0
0.0
0.0
0.0
0.0
0.0
0.0
0.0
0.0
0.0
0.0
0.0
0.0
0.0
0.0
0.0
0.0
0.0
0.0
0.0
0.0
0.0
0.0
0.0
0.0
0.0
0.0
0.0
0.0
0.0
0.0
0.0
0.0
0.0
0.0
0.0
0.0
0.0
0.0
0.0
0.0
0.0
0.0
0.0
0.0
0.0
0.0
0.0
0.0
0.0
0.0
0.0
0.0
0.0
0.0
0.0
0.0
0.0
0.0
0.0
0.0
0.0
0.0
0.0
0.0
0.0
0.0
6.5040285365557726e-21
0.0
0.0
0.0
0.0
0.0
0.0
0.0
0.0
0.0
0.0
0.0
0.0
0.0
0.0
0.0
0.0
0.0
0.0
0.0
0.0
0.0
0.0
0.0
0.0
0.0
0.0
0.0
0.0
0.0
0.0
0.0
train user2[0...1500], test user2[1500...2000] & user0 & user1
0.0
0.0
0.0
2.3636480933037624e-60
1.4303055696981757e-08
4.995301678673272e-13
0.0
2.4395895625820285e-09
2.354227243208262e-11
1.28305528718435e-18
1.4967882541062683e-17
1.5596752747586083e-13
1.1627691583366565e-15
0.0
2.797179393933258e-09
4.059532999562538e-14
7.9090738949188e-13
0.0
9.63692857153251e-09
1.7312273314003634e-10
7.182590216732706e-10
7.458075312232833e-10
4.604378484241791e-18
2.561780761637682e-19
0.0
0.0
0.0
6.217689428867898e-10
7.458075312232833e-10
2.128367129967156e-12
7.455548310473012e-10
0.0
0.0
0.0
3.3862058398157924e-14
3.6784077978248226e-12
0.0
1.0931405112916792e-13
7.668752834498968e-10
2.5560230223688027e-12
2.457596834222412e-68
2.2806304583973568e-150
6.286550679478433e-12
0.0
0.0
2.147686023893347e-18
0.0
6.838326497636712e-21
0.0
0.0
8.749335899961444e-11
6.686902720423606e-10
8.799708071942279e-247
0.0
0.0
0.0
0.0
0.0
0.0
5.666774255137225e-08
1.427930760423134e-08
5.666774255137225e-08
0.0
0.0
0.0
0.0
0.0
0.0
8.315334454451896e-08
6.775917170990815e-08
2.3105698845525814e-18
0.0
0.0
0.0
0.0
0.0
0.0
0.0
0.0
0.0
0.0
0.0
0.0
0.0
0.0
2.124695261983376e-09
0.0
3.6585900242340645e-10
7.840838395410002e-09
0.0
3.2513700473820103e-10
0.0
0.0
0.0
0.0
0.0
0.0
0.0
0.0
0.0
0.0
0.0
0.0
0.0
0.0
0.0
0.0
0.0
0.0
0.0
0.0
0.0
0.0
0.0
0.0
0.0
0.0
0.0
0.0
0.0
0.0
0.0
5.776522188508864e-08
6.14533704686471e-12
0.0
0.0
0.0
4.555154874206522e-10
0.0
0.0
0.0
0.0
0.0
8.993108906861961e-19
0.0
0.0
0.0
0.0
0.0
0.0
0.0
0.0
0.0
0.0
0.0
0.0
4.145290999441107e-08
0.0
1.8770506952852694e-11
9.060016293771201e-153
0.0
0.0
2.7560346565772264e-09
2.2098725713901262e-08
1.375570836918293e-08
6.050840963657066e-08
2.086445063145939e-09
1.3599127241470924e-08
0.0
0.0
5.666774255137225e-08
9.556160677377849e-13
0.0
0.0
0.0
7.366187284557642e-14
0.0
0.0
0.0
0.0
1.3822450773022503e-12
0.0
0.0
2.265148298680559e-56
0.0
0.0
0.0
3.230193779143798e-15
9.800872960974177e-09
0.0
0.0
0.0
0.0
9.10731449750226e-10
0.0
0.0
0.0
0.0
0.0
8.667198422029607e-08
0.0
0.0
0.0
0.0
7.422017035382877e-11
0.0
1.3524495844288727e-08
0.0
0.0
0.0
0.0
0.0
0.0
0.0
0.0
8.667198422029607e-08
0.0
0.0
0.0
1.0901876583409684e-09
5.666774255137225e-08
0.0
0.0
0.0
0.0
0.0
0.0
0.0
0.0
0.0
0.0
0.0
1.1222167235030012e-08
0.0
0.0
0.0
1.92527958768656e-15
0.0
0.0
0.0
0.0
0.0
0.0
0.0
4.159550239436257e-10
0.0
1.2647007664546008e-12
0.0
0.0
0.0
0.0
2.495040346991149e-15
6.286726705585327e-13
0.0
0.0
0.0
0.0
0.0
0.0
0.0
0.0
0.0
5.666567898205011e-21
0.0
0.0
0.0
0.0
0.0
4.861419811548082e-19
0.0
0.0
0.0
0.0
0.0
0.0
0.0
0.0
0.0
0.0
0.0
0.0
0.0
0.0
0.0
0.0
0.0
0.0
0.0
0.0
0.0
0.0
0.0
0.0
0.0
0.0
0.0
0.0
0.0
0.0
0.0
0.0
0.0
0.0
0.0
0.0
0.0
0.0
0.0
0.0
8.749335899961444e-11
0.0
0.0
0.0
0.0
0.0
0.0
1.2525908552226017e-251
0.0
0.0
0.0
0.0
0.0
0.0
0.0
0.0
0.0
0.0
0.0
0.0
0.0
0.0
0.0
0.0
9.997044679342505e-25
0.0
0.0
0.0
0.0
0.0
0.0
0.0
0.0
0.0
0.0
0.0
0.0
0.0
0.0
0.0
0.0
0.0
0.0
0.0
0.0
0.0
0.0
0.0
0.0
0.0
0.0
0.0
0.0
0.0
0.0
0.0
0.0
0.0
0.0
0.0
0.0
0.0
0.0
0.0
0.0
0.0
0.0
0.0
0.0
0.0
0.0
0.0
0.0
0.0
0.0
0.0
0.0
0.0
0.0
0.0
0.0
0.0
0.0
0.0
0.0
0.0
0.0
0.0
0.0
0.0
0.0
0.0
0.0
0.0
0.0
0.0
0.0
0.0
0.0
0.0
0.0
0.0
0.0
0.0
0.0
0.0
0.0
0.0
0.0
0.0
0.0
0.0
5.122455710766252e-22
0.0
0.0
0.0
0.0
0.0
0.0
3.2147391296571085e-20
0.0
0.0
0.0
0.0
0.0
0.0
0.0
0.0
0.0
0.0
0.0
0.0
0.0
0.0
0.0
0.0
0.0
0.0
0.0
0.0
0.0
0.0
0.0
0.0
0.0
0.0
0.0
0.0
0.0
0.0
0.0
