train user0[500...2000], test user0[0...500] & user1 & user2
7.364855724582869e-261
8.417175081121463e-252
0.0
1.2532250192786458e-245
1.0619335991222499e-252
0.0
9.121199672105198e-260
7.163369859036991e-09
3.6382880035971185e-135
5.892589861854187e-07
1.579027077643535e-07
5.892589861854187e-07
2.2081989230003007e-09
3.477882489763269e-15
9.322850707946449e-21
3.8694641585089996e-13
0.0
4.804440511373307e-09
2.4080156808083003e-07
5.794366253630466e-07
3.2274143276525484e-22
2.0162140905480295e-14
0.0
0.0
2.582935570547155e-17
0.0
0.0
5.185795761151856e-22
2.2102906630235377e-17
9.831339113047169e-14
7.423274844723789e-11
0.0
0.0
0.0
0.0
1.5444015411145313e-08
2.406817524606271e-19
1.2932384229772277e-09
6.999224625826712e-241
0.0
6.244470952843776e-10
0.0
9.56685422043627e-11
0.0
0.0
0.0
0.0
2.90577108420804e-13
0.0
1.9613118744567035e-10
0.0
0.0
0.0
0.0
0.0
0.0
0.0
0.0
0.0
0.0
0.0
0.0
0.0
0.0
0.0
0.0
0.0
0.0
0.0
0.0
0.0
0.0
0.0
0.0
0.0
0.0
0.0
0.0
0.0
0.0
0.0
0.0
0.0
0.0
0.0
0.0
0.0
0.0
0.0
0.0
0.0
0.0
0.0
0.0
0.0
0.0
0.0
0.0
0.0
7.364855724582869e-261
0.0
0.0
0.0
0.0
0.0
0.0
0.0
0.0
0.0
0.0
0.0
0.0
0.0
0.0
0.0
0.0
0.0
0.0
0.0
0.0
0.0
0.0
0.0
0.0
0.0
0.0
0.0
0.0
0.0
0.0
0.0
0.0
0.0
0.0
0.0
0.0
0.0
0.0
0.0
0.0
0.0
0.0
0.0
0.0
0.0
0.0
0.0
0.0
0.0
0.0
0.0
0.0
0.0
0.0
0.0
0.0
0.0
0.0
0.0
0.0
0.0
0.0
0.0
0.0
0.0
0.0
0.0
0.0
0.0
0.0
0.0
0.0
0.0
0.0
0.0
0.0
0.0
0.0
0.0
0.0
0.0
0.0
0.0
0.0
0.0
0.0
0.0
0.0
0.0
0.0
0.0
0.0
0.0
0.0
0.0
0.0
0.0
0.0
0.0
0.0
0.0
0.0
0.0
0.0
0.0
0.0
0.0
0.0
0.0
0.0
0.0
0.0
0.0
0.0
0.0
0.0
0.0
0.0
5.771934591188455e-19
0.0
0.0
0.0
0.0
0.0
0.0
0.0
0.0
0.0
0.0
0.0
0.0
0.0
0.0
0.0
0.0
0.0
0.0
0.0
0.0
0.0
0.0
0.0
0.0
0.0
0.0
0.0
0.0
0.0
0.0
0.0
0.0
0.0
0.0
0.0
0.0
0.0
0.0
0.0
0.0
0.0
0.0
0.0
0.0
0.0
0.0
0.0
0.0
0.0
0.0
0.0
0.0
0.0
0.0
0.0
0.0
0.0
0.0
0.0
0.0
0.0
0.0
0.0
0.0
0.0
0.0
0.0
0.0
0.0
0.0
0.0
0.0
0.0
0.0
0.0
0.0
0.0
0.0
0.0
0.0
0.0
0.0
0.0
0.0
0.0
0.0
0.0
0.0
0.0
0.0
0.0
0.0
0.0
0.0
0.0
0.0
0.0
0.0
0.0
0.0
0.0
2.6841253913855495e-07
0.0
0.0
0.0
0.0
0.0
0.0
0.0
0.0
0.0
0.0
0.0
0.0
0.0
0.0
0.0
0.0
2.137799151219606e-11
0.0
0.0
0.0
0.0
0.0
0.0
0.0
0.0
0.0
0.0
0.0
0.0
0.0
0.0
0.0
0.0
0.0
0.0
0.0
0.0
7.346896874460433e-08
0.0
0.0
0.0
0.0
0.0
0.0
0.0
0.0
0.0
0.0
0.0
0.0
0.0
0.0
0.0
0.0
0.0
0.0
0.0
0.0
3.6974829535346527e-202
0.0
0.0
0.0
0.0
0.0
0.0
0.0
0.0
0.0
0.0
0.0
0.0
3.1047309994775646e-07
0.0
0.0
5.672515886473965e-10
0.0
0.0
0.0
0.0
9.824656263821793e-15
0.0
0.0
0.0
1.0657810779613295e-10
0.0
0.0
1.5040128386639573e-08
0.0
0.0
0.0
0.0
0.0
0.0
0.0
0.0
0.0
0.0
4.839367203246582e-09
9.711544876684325e-10
0.0
8.562187112561862e-09
0.0
0.0
0.0
0.0
0.0
6.409354083230408e-10
8.562187112561862e-09
0.0
0.0
0.0
0.0
0.0
0.0
0.0
0.0
0.0
0.0
2.4183907710514586e-15
4.367889094375743e-240
0.0
0.0
0.0
0.0
0.0
0.0
0.0
0.0
0.0
train user0[0...500]+user0[1000...2000], test user0[500...1000] & user1 & user2
0.0
0.0
0.0
0.0
0.0
1.274769397096551e-13
0.0
0.0
0.0
0.0
8.98221729876469e-11
1.6901527757230362e-13
2.3606235497737017e-17
0.0
0.0
0.0
0.0
1.7088584680776713e-08
0.0
0.0
0.0
5.566027919693158e-07
1.4258788151606538e-05
2.4011209239743845e-09
1.7649474352349074e-11
5.4101022094978055e-11
1.1451315308852745e-10
1.6571395869481645e-07
0.0
0.0
0.0
1.2620486778305972e-10
0.0
9.944439965447275e-14
1.2038326548799191e-107
1.8718310804276875e-14
0.0
0.0
0.0
0.0
0.0
0.0
0.0
0.0
0.0
0.0
1.1555642419588338e-05
0.0
5.257300310212954e-09
3.1682909387997283e-09
0.0
0.0
0.0
0.0
0.0
0.0
0.0
0.0
0.0
0.0
0.0
0.0
0.0
0.0
0.0
0.0
0.0
0.0
0.0
0.0
0.0
0.0
0.0
0.0
0.0
0.0
0.0
0.0
0.0
0.0
0.0
0.0
0.0
0.0
0.0
0.0
0.0
0.0
0.0
0.0
0.0
0.0
0.0
0.0
0.0
0.0
0.0
0.0
0.0
3.1275153608714516e-13
0.0
0.0
0.0
0.0
0.0
0.0
0.0
0.0
0.0
0.0
0.0
0.0
0.0
0.0
0.0
0.0
0.0
0.0
0.0
0.0
0.0
0.0
0.0
0.0
0.0
0.0
0.0
0.0
0.0
0.0
0.0
0.0
0.0
0.0
0.0
0.0
0.0
0.0
0.0
0.0
0.0
0.0
0.0
0.0
0.0
0.0
0.0
0.0
0.0
0.0
0.0
0.0
0.0
0.0
0.0
0.0
0.0
0.0
0.0
0.0
0.0
0.0
0.0
0.0
0.0
0.0
0.0
0.0
0.0
0.0
0.0
0.0
0.0
0.0
0.0
0.0
0.0
0.0
0.0
0.0
0.0
0.0
0.0
0.0
0.0
0.0
0.0
0.0
0.0
0.0
0.0
0.0
0.0
0.0
0.0
0.0
0.0
0.0
0.0
0.0
0.0
0.0
0.0
0.0
0.0
0.0
0.0
0.0
0.0
0.0
0.0
0.0
0.0
0.0
0.0
0.0
0.0
0.0
8.412343412863846e-113
0.0
0.0
0.0
0.0
0.0
0.0
0.0
0.0
0.0
0.0
0.0
0.0
0.0
0.0
0.0
0.0
0.0
0.0
0.0
0.0
0.0
0.0
0.0
0.0
0.0
0.0
0.0
0.0
0.0
0.0
0.0
0.0
0.0
0.0
0.0
0.0
0.0
0.0
0.0
0.0
0.0
0.0
0.0
0.0
0.0
0.0
0.0
0.0
0.0
0.0
0.0
0.0
0.0
0.0
0.0
0.0
0.0
0.0
0.0
0.0
0.0
0.0
0.0
0.0
2.8998708413952326e-14
0.0
0.0
0.0
0.0
0.0
0.0
0.0
0.0
0.0
0.0
0.0
0.0
0.0
0.0
0.0
0.0
0.0
0.0
0.0
0.0
0.0
0.0
0.0
0.0
0.0
0.0
0.0
0.0
0.0
0.0
0.0
0.0
0.0
0.0
0.0
0.0
2.1510991136191202e-05
0.0
0.0
0.0
0.0
0.0
0.0
0.0
0.0
0.0
0.0
0.0
0.0
0.0
0.0
0.0
0.0
1.3506808130000764e-16
0.0
0.0
0.0
0.0
0.0
0.0
0.0
0.0
0.0
0.0
0.0
0.0
0.0
0.0
0.0
0.0
0.0
0.0
0.0
0.0
0.0
0.0
0.0
0.0
0.0
0.0
0.0
0.0
0.0
0.0
0.0
0.0
0.0
0.0
0.0
0.0
0.0
0.0
0.0
0.0
0.0
1.1073913360602187e-08
0.0
0.0
0.0
0.0
0.0
0.0
0.0
0.0
0.0
0.0
0.0
0.0
6.415019307029552e-06
0.0
0.0
9.806717632179955e-09
0.0
0.0
0.0
0.0
1.632736810251813e-15
0.0
0.0
0.0
1.8026650289007457e-13
0.0
0.0
6.828366521276682e-07
0.0
1.6222721570815658e-117
0.0
0.0
2.0547593970685e-114
0.0
0.0
0.0
0.0
0.0
2.0941324874504684e-08
1.2536743280259737e-10
0.0
2.0505644640076616e-07
2.0102325698775138e-21
2.1443916744365114e-122
1.3634293418238922e-23
0.0
7.049732120918136e-14
1.1802999832846864e-11
2.0505644640076616e-07
0.0
0.0
0.0
0.0
0.0
0.0
0.0
0.0
0.0
0.0
1.0506403687605485e-11
7.572789114015788e-16
0.0
0.0
0.0
0.0
0.0
0.0
0.0
0.0
3.382213095169871e-13
train user0[0...1000]+user0[1500...2000], test user0[1000...1500] & user1 & user2
1.4383531811719903e-07
0.0
4.785723738632204e-07
2.1301530930830964e-06
1.838631413716213e-06
9.460071371079293e-06
4.082897439846735e-07
6.498467454318071e-07
0.0
4.560650323221821e-15
9.416362445892953e-06
3.9762362181121686e-10
0.0
0.0
0.0
7.363200700724515e-09
8.163370269813284e-12
3.2185497245089662e-12
0.0
6.113362024659142e-14
6.379862386704287e-11
0.0
4.065362662263804e-14
7.001162749203612e-16
8.552853269773387e-13
4.0741406213569155e-97
0.0
0.0
1.8142392664335488e-06
5.043447078735194e-08
5.4847910044311566e-11
1.2318225491571786e-08
1.8975398850502866e-09
3.291038838890903e-08
1.6164252649477533e-12
3.99039185113299e-145
6.476161287838747e-13
0.0
1.0518820014531424e-93
9.464543554444133e-06
6.040378221289894e-11
2.4612211115125856e-13
7.447121811496632e-93
6.2564181281484364e-93
2.0661475005157062e-08
5.499575061644221e-11
1.829581486349394e-06
6.955139019393821e-08
0.0
1.5004081861020168e-13
0.0
0.0
0.0
0.0
0.0
0.0
0.0
0.0
0.0
0.0
0.0
0.0
0.0
0.0
0.0
0.0
0.0
0.0
0.0
0.0
0.0
0.0
0.0
0.0
0.0
0.0
0.0
0.0
0.0
0.0
0.0
0.0
0.0
0.0
0.0
0.0
0.0
0.0
0.0
0.0
0.0
0.0
0.0
0.0
0.0
0.0
0.0
0.0
0.0
5.819301715428099e-13
0.0
0.0
0.0
0.0
0.0
0.0
0.0
0.0
0.0
0.0
0.0
0.0
0.0
0.0
0.0
0.0
0.0
0.0
0.0
0.0
0.0
0.0
0.0
0.0
0.0
0.0
0.0
0.0
0.0
0.0
0.0
0.0
0.0
0.0
0.0
0.0
0.0
0.0
0.0
0.0
0.0
0.0
0.0
0.0
0.0
0.0
0.0
0.0
0.0
0.0
0.0
0.0
0.0
0.0
0.0
0.0
0.0
0.0
0.0
0.0
0.0
0.0
0.0
0.0
0.0
0.0
0.0
0.0
0.0
0.0
0.0
0.0
0.0
0.0
0.0
0.0
0.0
0.0
0.0
0.0
0.0
0.0
0.0
0.0
0.0
0.0
0.0
0.0
0.0
0.0
0.0
0.0
0.0
0.0
0.0
0.0
0.0
0.0
0.0
0.0
0.0
0.0
0.0
0.0
0.0
0.0
0.0
0.0
0.0
0.0
0.0
0.0
0.0
0.0
0.0
0.0
0.0
0.0
0.0
0.0
0.0
0.0
0.0
0.0
0.0
0.0
0.0
0.0
0.0
0.0
0.0
0.0
0.0
0.0
0.0
0.0
0.0
0.0
0.0
0.0
0.0
0.0
0.0
0.0
0.0
0.0
0.0
0.0
0.0
0.0
0.0
0.0
0.0
0.0
0.0
0.0
0.0
0.0
0.0
0.0
0.0
0.0
0.0
0.0
0.0
0.0
0.0
0.0
0.0
0.0
0.0
0.0
0.0
0.0
0.0
0.0
0.0
0.0
0.0
0.0
0.0
0.0
0.0
1.604534439989579e-14
0.0
0.0
0.0
0.0
0.0
0.0
0.0
0.0
0.0
0.0
0.0
0.0
0.0
0.0
0.0
0.0
0.0
0.0
0.0
0.0
0.0
0.0
0.0
0.0
0.0
0.0
0.0
0.0
0.0
0.0
0.0
0.0
0.0
0.0
0.0
0.0
1.292714763438055e-05
0.0
0.0
0.0
0.0
0.0
0.0
0.0
0.0
0.0
0.0
0.0
0.0
0.0
0.0
0.0
0.0
6.210879250609788e-17
0.0
0.0
0.0
0.0
0.0
0.0
0.0
0.0
0.0
0.0
0.0
0.0
0.0
0.0
0.0
0.0
0.0
0.0
0.0
0.0
1.6997766952730358e-92
0.0
0.0
0.0
0.0
0.0
0.0
0.0
0.0
0.0
0.0
0.0
0.0
0.0
0.0
0.0
0.0
0.0
0.0
0.0
0.0
3.3004200431558284e-08
0.0
0.0
0.0
0.0
0.0
0.0
0.0
0.0
0.0
0.0
0.0
0.0
3.40219570313503e-06
0.0
0.0
4.7191819464854535e-09
0.0
0.0
0.0
0.0
1.9303625323652888e-14
0.0
0.0
0.0
1.4448111477883293e-11
0.0
0.0
4.084106116963382e-07
0.0
9.8515223693409e-100
0.0
0.0
1.3696044283655481e-97
0.0
0.0
0.0
0.0
0.0
7.249135793501216e-08
6.774953011206236e-10
0.0
1.0808825500941606e-07
6.23992363099591e-19
1.9845390307033306e-103
6.722284546390611e-20
0.0
5.4954481752418904e-14
4.5855656722708404e-10
1.0808825500941606e-07
0.0
0.0
0.0
0.0
0.0
0.0
0.0
0.0
0.0
0.0
1.5834418963119054e-11
1.2694882939679277e-15
0.0
0.0
0.0
0.0
0.0
0.0
0.0
0.0
5.322621043564846e-14
train user0[0...1500], test user0[1500...2000] & user1 & user2
3.635250608454259e-12
0.0
4.0972977666939196e-15
1.1212309224653315e-13
0.0
1.4018210291572466e-05
1.634583064514075e-06
3.384205472707501e-13
8.811056770596273e-16
5.207787105824588e-07
1.3965384999088055e-05
3.971661699993669e-07
8.306337203918294e-16
4.276589661300309e-18
2.8476592366748153e-13
2.3263022458057635e-08
7.61785046068537e-08
2.2737843546042478e-12
9.999484635994957e-14
4.308392764210053e-12
4.580057219615471e-15
1.1017985451377805e-07
3.3562182164677737e-06
9.383416950845652e-08
0.0
0.0
4.3978775702121986e-13
7.862247474325805e-11
1.2129892452359128e-11
1.7708894184034564e-14
0.0
1.2416139020186725e-10
3.920602561973457e-09
4.876944096483783e-12
1.5624538142188605e-07
2.30035946937596e-08
4.605049005047292e-10
2.219833613702106e-09
1.181904556265151e-08
7.885299300099945e-15
6.009171823723492e-13
2.1903944981838055e-13
3.578458568528936e-10
4.754447885935234e-09
1.961050899077483e-16
0.0
2.795378646941788e-11
0.0
3.21797765040653e-14
0.0
0.0
0.0
0.0
0.0
0.0
0.0
0.0
0.0
0.0
0.0
0.0
0.0
0.0
0.0
0.0
0.0
0.0
0.0
0.0
0.0
0.0
0.0
0.0
0.0
0.0
0.0
0.0
0.0
0.0
0.0
0.0
0.0
0.0
0.0
0.0
0.0
0.0
0.0
0.0
0.0
0.0
0.0
0.0
0.0
0.0
0.0
0.0
0.0
0.0
1.3644065406231493e-12
0.0
0.0
0.0
0.0
0.0
0.0
0.0
0.0
0.0
0.0
0.0
0.0
0.0
0.0
0.0
0.0
0.0
0.0
0.0
0.0
0.0
0.0
0.0
0.0
0.0
0.0
0.0
0.0
0.0
0.0
0.0
0.0
0.0
0.0
0.0
0.0
0.0
0.0
0.0
0.0
0.0
0.0
0.0
0.0
0.0
0.0
0.0
0.0
0.0
0.0
0.0
0.0
0.0
0.0
0.0
0.0
0.0
0.0
0.0
0.0
0.0
0.0
0.0
0.0
0.0
0.0
0.0
0.0
0.0
0.0
0.0
0.0
0.0
0.0
0.0
0.0
0.0
0.0
0.0
0.0
0.0
0.0
0.0
0.0
0.0
0.0
0.0
0.0
0.0
0.0
0.0
0.0
0.0
0.0
0.0
0.0
0.0
0.0
0.0
0.0
0.0
0.0
0.0
0.0
0.0
0.0
0.0
0.0
0.0
0.0
0.0
0.0
0.0
0.0
0.0
0.0
0.0
0.0
1.9706363530838767e-90
0.0
0.0
0.0
0.0
0.0
0.0
0.0
0.0
0.0
0.0
0.0
0.0
0.0
0.0
0.0
0.0
0.0
0.0
0.0
0.0
0.0
0.0
0.0
0.0
0.0
0.0
0.0
0.0
0.0
0.0
0.0
0.0
0.0
0.0
0.0
0.0
0.0
0.0
0.0
0.0
0.0
0.0
0.0
0.0
0.0
0.0
0.0
0.0
0.0
0.0
0.0
0.0
0.0
0.0
0.0
0.0
0.0
0.0
0.0
0.0
0.0
0.0
0.0
0.0
3.558728740682656e-14
0.0
0.0
0.0
0.0
0.0
0.0
0.0
0.0
0.0
0.0
0.0
0.0
0.0
0.0
0.0
0.0
0.0
0.0
0.0
0.0
0.0
0.0
0.0
0.0
0.0
0.0
0.0
0.0
0.0
0.0
0.0
0.0
0.0
0.0
0.0
0.0
2.158417791824949e-05
0.0
0.0
0.0
0.0
0.0
0.0
0.0
0.0
0.0
0.0
0.0
0.0
0.0
0.0
0.0
0.0
4.936607542286101e-16
0.0
0.0
0.0
0.0
0.0
0.0
0.0
0.0
0.0
0.0
0.0
0.0
0.0
0.0
0.0
0.0
0.0
0.0
0.0
0.0
1.0747442763001111e-75
0.0
0.0
0.0
0.0
0.0
0.0
0.0
0.0
0.0
0.0
0.0
0.0
0.0
0.0
0.0
0.0
0.0
0.0
0.0
0.0
1.3204296959721073e-08
0.0
0.0
0.0
0.0
0.0
0.0
0.0
0.0
0.0
0.0
0.0
0.0
6.420110583608173e-06
0.0
0.0
8.983235691123696e-09
0.0
0.0
0.0
0.0
1.1003104078567727e-15
0.0
0.0
0.0
4.9962543565777175e-12
0.0
0.0
6.466310917527507e-07
0.0
4.19693484224023e-74
0.0
0.0
4.5063181193161554e-72
0.0
0.0
0.0
0.0
0.0
6.64590530741972e-08
6.50220846915176e-10
0.0
1.931474581794562e-07
5.179653622829465e-19
4.329767888590947e-78
4.168636268137505e-20
0.0
8.699187684439962e-14
2.2793596147523377e-10
1.931474581794562e-07
0.0
0.0
0.0
0.0
0.0
0.0
0.0
0.0
0.0
0.0
6.572807605790949e-12
1.5526999989439698e-15
0.0
0.0
0.0
0.0
0.0
0.0
0.0
0.0
8.176457129594699e-14
