train user0[500...2000], test user0[0...500] & user1 & user2
0.0
0.0
0.0
0.0
0.0
0.0
0.0
2.831234638336319e-08
0.0
0.00018464451626366556
3.4152801011797216e-05
0.00018464451626366556
1.223600985358483e-08
4.551892957251024e-15
1.9198821128968132e-22
2.0615726616118746e-13
0.0
1.2090267908869444e-11
1.2109282034181334e-07
4.6904588528456794e-05
2.2665810203596455e-24
3.092285517887228e-16
0.0
0.0
6.423318497449185e-17
0.0
0.0
1.108802376769009e-21
1.691067962899311e-16
3.7071476919264775e-14
1.2593296581640984e-10
0.0
0.0
0.0
0.0
1.3747868302239783e-07
6.6928416380129215e-21
2.1360485409285906e-08
0.0
0.0
2.4886927367010187e-08
0.0
7.567628321290493e-09
0.0
0.0
0.0
0.0
1.4328897231392887e-12
0.0
2.2986026098207224e-09
0.0
0.0
0.0
0.0
0.0
0.0
0.0
0.0
0.0
0.0
0.0
0.0
0.0
0.0
0.0
0.0
0.0
0.0
0.0
0.0
0.0
0.0
0.0
0.0
0.0
0.0
0.0
0.0
0.0
0.0
0.0
0.0
0.0
0.0
0.0
0.0
0.0
0.0
0.0
0.0
0.0
0.0
0.0
0.0
0.0
0.0
0.0
0.0
0.0
0.0
0.0
0.0
0.0
0.0
0.0
0.0
0.0
0.0
0.0
0.0
0.0
0.0
0.0
0.0
0.0
0.0
0.0
0.0
0.0
0.0
0.0
0.0
0.0
0.0
0.0
0.0
0.0
0.0
0.0
0.0
0.0
0.0
0.0
0.0
0.0
0.0
0.0
0.0
0.0
0.0
0.0
0.0
0.0
0.0
0.0
0.0
0.0
0.0
0.0
0.0
0.0
0.0
0.0
0.0
0.0
0.0
0.0
0.0
0.0
0.0
0.0
0.0
0.0
0.0
0.0
0.0
0.0
0.0
0.0
0.0
0.0
0.0
0.0
0.0
0.0
0.0
0.0
0.0
0.0
0.0
0.0
0.0
0.0
0.0
0.0
0.0
0.0
0.0
0.0
0.0
0.0
0.0
0.0
0.0
0.0
0.0
0.0
0.0
0.0
0.0
0.0
0.0
0.0
0.0
0.0
0.0
0.0
0.0
0.0
0.0
0.0
0.0
0.0
0.0
0.0
0.0
0.0
0.0
8.505781850388883e-18
0.0
0.0
0.0
0.0
0.0
0.0
0.0
0.0
0.0
0.0
0.0
0.0
0.0
0.0
0.0
0.0
0.0
0.0
0.0
0.0
0.0
0.0
0.0
0.0
0.0
0.0
0.0
0.0
0.0
0.0
0.0
0.0
0.0
0.0
0.0
0.0
0.0
0.0
0.0
0.0
0.0
0.0
0.0
0.0
0.0
0.0
0.0
0.0
0.0
0.0
0.0
0.0
0.0
0.0
0.0
0.0
0.0
0.0
0.0
0.0
0.0
0.0
0.0
0.0
0.0
0.0
0.0
0.0
0.0
0.0
0.0
0.0
0.0
0.0
0.0
0.0
0.0
0.0
0.0
0.0
0.0
0.0
0.0
0.0
0.0
0.0
0.0
0.0
0.0
0.0
0.0
0.0
0.0
0.0
0.0
0.0
0.0
0.0
0.0
0.0
0.0
1.9007642709132626e-10
0.0
0.0
0.0
0.0
0.0
0.0
0.0
0.0
0.0
0.0
0.0
0.0
0.0
0.0
0.0
0.0
2.4829514296741503e-10
0.0
0.0
0.0
0.0
0.0
0.0
0.0
0.0
0.0
0.0
0.0
0.0
0.0
0.0
0.0
0.0
0.0
0.0
0.0
0.0
2.8285070727359422e-09
0.0
0.0
0.0
0.0
0.0
0.0
0.0
0.0
0.0
0.0
0.0
0.0
0.0
0.0
0.0
0.0
0.0
0.0
0.0
0.0
0.0
0.0
0.0
0.0
0.0
0.0
0.0
0.0
0.0
0.0
0.0
0.0
0.0
2.989246549114835e-09
0.0
0.0
2.662809364248087e-10
0.0
0.0
0.0
0.0
4.4140201149968405e-15
0.0
0.0
0.0
0.0
0.0
0.0
1.2016665296502472e-07
0.0
0.0
0.0
0.0
0.0
0.0
0.0
0.0
0.0
0.0
2.5975597596018754e-08
0.0
0.0
7.58655593717685e-07
0.0
0.0
0.0
0.0
0.0
0.0
7.58655593717685e-07
0.0
0.0
0.0
0.0
0.0
0.0
0.0
0.0
0.0
0.0
5.863068291368903e-14
0.0
0.0
0.0
0.0
0.0
0.0
0.0
0.0
0.0
0.0
train user0[0...500]+user0[1000...2000], test user0[500...1000] & user1 & user2
0.0
0.0
0.0
0.0
0.0
1.9083061771148107e-14
0.0
0.0
0.0
0.0
3.3061618281959484e-12
6.294161246911249e-16
4.0026878049626995e-146
0.0
0.0
0.0
0.0
1.0055930519806562e-09
0.0
0.0
0.0
3.106130533540412e-08
1.07440011465462e-06
8.41345082513299e-11
1.3301454714223745e-12
2.6080260692339702e-12
1.5802934098869666e-12
1.5397566925309284e-08
0.0
0.0
0.0
6.353074871762744e-15
0.0
4.270366265621823e-15
0.0
4.467345562329954e-19
0.0
0.0
0.0
0.0
0.0
0.0
0.0
0.0
0.0
0.0
7.360757280968653e-07
0.0
2.0780266035451814e-10
0.0
0.0
0.0
0.0
0.0
0.0
0.0
0.0
0.0
0.0
0.0
0.0
0.0
0.0
0.0
0.0
0.0
0.0
0.0
0.0
0.0
0.0
0.0
0.0
0.0
0.0
0.0
0.0
0.0
0.0
0.0
0.0
0.0
0.0
0.0
0.0
0.0
0.0
0.0
0.0
0.0
0.0
0.0
0.0
0.0
0.0
0.0
0.0
0.0
0.0
0.0014536340182212143
0.0
0.0
0.0
0.0
0.0
0.0
0.0
0.0
0.0
0.0
0.0
0.0
0.0
0.0
0.0
0.0
0.0
0.0
0.0
0.0
0.0
0.0
0.0
0.0
0.0
0.0
0.0
0.0
0.0
0.0
0.0
0.0
0.0
0.0
0.0
0.0
0.0
0.0
0.0
0.0
0.0
0.0
0.0
0.0
0.0
0.0
0.0
0.0
0.0
0.0
0.0
0.0
0.0
0.0
0.0
0.0
0.0
0.0
0.0
0.0
0.0
0.0
0.0
0.0
0.0
0.0
0.0
0.0
0.0
0.0
0.0
0.0
0.0
0.0
0.0
0.0
0.0
0.0
0.0
0.0
0.0
0.0
0.0
0.0
0.0
0.0
0.0
0.0
0.0
0.0
0.0
0.0
0.0
0.0
0.0
0.0
0.0
0.0
0.0
0.0
0.0
0.0
0.0
0.0
0.0
0.0
0.0
0.0
0.0
0.0
0.0
0.0
0.0
0.0
0.0
0.0
0.0
0.0
0.0
0.0
0.0
0.0
0.0
0.0
0.0
0.0
0.0
0.0
0.0
0.0
0.0
0.0
0.0
0.0
0.0
0.0
0.0
0.0
0.0
0.0
0.0
0.0
0.0
0.0
0.0
0.0
0.0
0.0
0.0
0.0
0.0
0.0
0.0
0.0
0.0
0.0
0.0
0.0
0.0
0.0
0.0
0.0
0.0
0.0
0.0
0.0
0.0
0.0
0.0
0.0
0.0
0.0
0.0
0.0
0.0
0.0
0.0
0.0
0.0
0.0
0.0
0.0
0.0
9.551530955883388e-13
0.0
0.0
0.0
0.0
0.0
0.0
0.0
0.0
0.0
0.0
0.0
0.0
0.0
0.0
0.0
0.0
0.0
0.0
0.0
0.0
0.0
0.0
0.0
0.0
0.0
0.0
0.0
0.0
0.0
0.0
0.0
0.0
0.0
0.0
0.0
0.0
1.3333865361386554e-06
0.0
0.0
0.0
0.0
0.0
0.0
0.0
0.0
0.0
0.0
0.0
0.0
0.0
0.0
0.0
0.0
0.0
0.0
0.0
0.0
0.0
0.0
0.0
0.0
0.0
0.0
0.0
0.0
0.0
0.0
0.0
0.0
0.0
0.0
0.0
0.0
0.0
0.0
0.0
0.0
0.0
0.0
0.0
0.0
0.0
0.0
0.0
0.0
0.0
0.0
0.0
0.0
0.0
0.0
0.0
0.0
0.0
0.0
0.0
0.0
0.0
0.0
0.0
0.0
0.0
0.0
0.0
0.0
0.0
0.0
0.0
5.606614250829938e-07
0.0
0.0
3.399562357380715e-10
0.0
0.0
0.0
0.0
0.0
0.0
0.0
0.0
0.0
0.0
0.0
5.088361608911032e-08
0.0
0.0
0.0
0.0
0.0
0.0
0.0
0.0
0.0
0.0
1.3778227103669844e-09
0.0
0.0
6.081111386838141e-09
2.042612425255858e-302
0.0
3.0027151220846053e-304
0.0
5.276863677004463e-15
0.0
6.081111386838141e-09
0.0
0.0
0.0
0.0
0.0
0.0
0.0
0.0
0.0
0.0
1.6968674626998207e-14
0.0
0.0
0.0
0.0
0.0
0.0
0.0
0.0
0.0
1.639764272730194e-295
train user0[0...1000]+user0[1500...2000], test user0[1000...1500] & user1 & user2
1.3481117792694067e-08
0.0
7.115736969211038e-219
1.046730031247571e-07
8.291535484428987e-08
6.026699043804766e-07
1.8730629051745287e-08
4.2128277413758744e-08
0.0
0.0
6.016311092602588e-07
2.106939180449619e-11
0.0
0.0
0.0
7.041728013282238e-12
1.7202872142382974e-14
0.0
0.0
9.403903309833883e-16
2.8366054472912776e-222
0.0
0.0
0.0
1.784678735251496e-13
0.0
0.0
0.0
9.083609689703252e-08
3.2501070241516356e-09
2.436385590341111e-12
2.0130324342692056e-09
2.518087142337306e-47
2.2885187507066107e-09
8.344929419695747e-14
0.0
8.074646154026219e-126
0.0
0.0
4.4821141630202915e-07
1.8449036306553485e-11
3.843684216332481e-14
0.0
0.0
3.0218346278477304e-220
3.270361382244875e-126
8.261132132671313e-08
1.2775987113937539e-08
0.0
1.3153777201243778e-224
0.0
0.0
0.0
0.0
0.0
0.0
0.0
0.0
0.0
0.0
0.0
0.0
0.0
0.0
0.0
0.0
0.0
0.0
0.0
0.0
0.0
0.0
0.0
0.0
0.0
0.0
0.0
0.0
0.0
0.0
0.0
0.0
0.0
0.0
0.0
0.0
0.0
0.0
0.0
0.0
0.0
0.0
0.0
0.0
0.0
0.0
0.0
0.0
0.0
0.004827790247299259
0.0
0.0
0.0
0.0
0.0
0.0
0.0
0.0
0.0
0.0
0.0
0.0
0.0
0.0
0.0
0.0
0.0
0.0
0.0
0.0
0.0
0.0
0.0
0.0
0.0
0.0
0.0
0.0
0.0
0.0
0.0
0.0
0.0
0.0
0.0
0.0
0.0
0.0
0.0
0.0
0.0
0.0
0.0
0.0
0.0
0.0
0.0
0.0
0.0
0.0
0.0
0.0
0.0
0.0
0.0
0.0
0.0
0.0
0.0
0.0
0.0
0.0
0.0
0.0
0.0
0.0
0.0
0.0
0.0
0.0
0.0
0.0
0.0
0.0
0.0
0.0
0.0
0.0
0.0
0.0
0.0
0.0
0.0
0.0
0.0
0.0
0.0
0.0
0.0
0.0
0.0
0.0
0.0
0.0
0.0
0.0
0.0
0.0
0.0
0.0
0.0
0.0
0.0
0.0
0.0
0.0
0.0
0.0
0.0
0.0
0.0
0.0
0.0
0.0
0.0
0.0
0.0
0.0
0.0
0.0
0.0
0.0
0.0
0.0
0.0
0.0
0.0
0.0
0.0
0.0
0.0
0.0
0.0
0.0
0.0
0.0
0.0
0.0
0.0
0.0
0.0
0.0
0.0
0.0
0.0
0.0
0.0
0.0
0.0
0.0
0.0
0.0
0.0
0.0
0.0
0.0
0.0
0.0
0.0
0.0
0.0
0.0
0.0
0.0
0.0
0.0
0.0
0.0
0.0
0.0
0.0
0.0
0.0
0.0
0.0
0.0
0.0
0.0
0.0
0.0
0.0
0.0
0.0
8.888653670720197e-12
0.0
0.0
0.0
0.0
0.0
0.0
0.0
0.0
0.0
0.0
0.0
0.0
0.0
0.0
0.0
0.0
0.0
0.0
0.0
0.0
0.0
0.0
0.0
0.0
0.0
0.0
0.0
0.0
0.0
0.0
0.0
0.0
0.0
0.0
0.0
0.0
5.432943926287616e-07
0.0
0.0
0.0
0.0
0.0
0.0
0.0
0.0
0.0
0.0
0.0
0.0
0.0
0.0
0.0
0.0
0.0
0.0
0.0
0.0
0.0
0.0
0.0
0.0
0.0
0.0
0.0
0.0
0.0
0.0
0.0
0.0
0.0
0.0
0.0
0.0
0.0
0.0
0.0
0.0
0.0
0.0
0.0
0.0
0.0
0.0
0.0
0.0
0.0
0.0
0.0
0.0
0.0
0.0
0.0
0.0
0.0
0.0
0.0
0.0
0.0
0.0
0.0
0.0
0.0
0.0
0.0
0.0
0.0
0.0
0.0
2.345187174586249e-07
0.0
0.0
8.068325002634479e-221
0.0
0.0
0.0
0.0
0.0
0.0
0.0
0.0
0.0
0.0
0.0
2.100643998056763e-08
0.0
0.0
0.0
0.0
0.0
0.0
0.0
0.0
0.0
0.0
4.592785209406662e-09
0.0
0.0
1.6697259597064475e-219
0.0
0.0
0.0
0.0
1.2328197126005053e-15
0.0
1.6697259597064475e-219
0.0
0.0
0.0
0.0
0.0
0.0
0.0
0.0
0.0
0.0
7.423260417821302e-13
1.4193107484678637e-167
0.0
0.0
0.0
0.0
0.0
0.0
0.0
0.0
6.752005065307008e-126
train user0[0...1500], test user0[1500...2000] & user1 & user2
1.84037291743514e-264
0.0
8.766252312224932e-16
1.5329172717502057e-228
0.0
6.732646497581942e-07
6.739035730616438e-08
1.9946099725410935e-12
2.0396310338692906e-263
2.3918485642088877e-08
9.063304309606995e-07
1.46540409742396e-08
7.929310147208604e-135
1.9967760443603256e-231
1.7641855671562e-260
4.4823258253342795e-09
2.8559362466384404e-132
1.2011815852138113e-13
6.279188102628655e-138
3.08280900490892e-136
1.4902638443938254e-227
7.827094122985544e-09
1.476148048559559e-07
3.170237986135531e-09
0.0
0.0
3.532620147990911e-25
3.383586095029027e-12
4.505624300863791e-13
5.200368363711781e-15
0.0
3.450024204663963e-12
5.042195961769886e-122
9.348160331433154e-134
6.484574663328451e-132
4.1531614147484634e-09
7.832510378168388e-13
9.685153762586362e-12
7.068814803861081e-12
4.814153356800514e-167
2.228492526216981e-17
4.730447658262689e-292
5.709033527451857e-25
1.243143348173597e-128
3.597687225914349e-17
0.0
2.736796849614143e-13
0.0
1.5722149768068644e-16
0.0
0.0
0.0
0.0
0.0
0.0
0.0
0.0
0.0
0.0
0.0
0.0
0.0
0.0
0.0
0.0
0.0
0.0
0.0
0.0
0.0
0.0
0.0
0.0
0.0
0.0
0.0
0.0
0.0
0.0
0.0
0.0
0.0
0.0
0.0
0.0
0.0
0.0
0.0
0.0
0.0
0.0
0.0
0.0
0.0
0.0
0.0
0.0
0.0
0.0
0.004826932401913166
0.0
0.0
0.0
0.0
0.0
0.0
0.0
0.0
0.0
0.0
0.0
0.0
0.0
0.0
0.0
0.0
0.0
0.0
0.0
0.0
0.0
0.0
0.0
0.0
0.0
0.0
0.0
0.0
0.0
0.0
0.0
0.0
0.0
0.0
0.0
0.0
0.0
0.0
0.0
0.0
0.0
0.0
0.0
0.0
0.0
0.0
0.0
0.0
0.0
0.0
0.0
0.0
0.0
0.0
0.0
0.0
0.0
0.0
0.0
0.0
0.0
0.0
0.0
0.0
0.0
0.0
0.0
0.0
0.0
0.0
0.0
0.0
0.0
0.0
0.0
0.0
0.0
0.0
0.0
0.0
0.0
0.0
0.0
0.0
0.0
0.0
0.0
0.0
0.0
0.0
0.0
0.0
0.0
0.0
0.0
0.0
0.0
0.0
0.0
0.0
0.0
0.0
0.0
0.0
0.0
0.0
0.0
0.0
0.0
0.0
0.0
0.0
0.0
0.0
0.0
0.0
0.0
0.0
0.0
0.0
0.0
0.0
0.0
0.0
0.0
0.0
0.0
0.0
0.0
0.0
0.0
0.0
0.0
0.0
0.0
0.0
0.0
0.0
0.0
0.0
0.0
0.0
0.0
0.0
0.0
0.0
0.0
0.0
0.0
0.0
0.0
0.0
0.0
0.0
0.0
0.0
0.0
0.0
0.0
0.0
0.0
0.0
0.0
0.0
0.0
0.0
0.0
0.0
0.0
0.0
0.0
0.0
0.0
0.0
0.0
0.0
0.0
0.0
0.0
0.0
0.0
0.0
0.0
1.7922040413824294e-11
0.0
0.0
0.0
0.0
0.0
0.0
0.0
0.0
0.0
0.0
0.0
0.0
0.0
0.0
0.0
0.0
0.0
0.0
0.0
0.0
0.0
0.0
0.0
0.0
0.0
0.0
0.0
0.0
0.0
0.0
0.0
0.0
0.0
0.0
0.0
0.0
9.060692406084905e-07
0.0
0.0
0.0
0.0
0.0
0.0
0.0
0.0
0.0
0.0
0.0
0.0
0.0
0.0
0.0
0.0
1.4761800733121192e-246
0.0
0.0
0.0
0.0
0.0
0.0
0.0
0.0
0.0
0.0
0.0
0.0
0.0
0.0
0.0
0.0
0.0
0.0
0.0
0.0
0.0
0.0
0.0
0.0
0.0
0.0
0.0
0.0
0.0
0.0
0.0
0.0
0.0
0.0
0.0
0.0
0.0
0.0
0.0
0.0
0.0
1.3695032633024403e-273
0.0
0.0
0.0
0.0
0.0
0.0
0.0
0.0
0.0
0.0
0.0
0.0
4.0270777862238067e-07
0.0
0.0
3.8947558720512596e-133
0.0
0.0
0.0
0.0
1.0547726806732612e-135
0.0
0.0
0.0
1.9885658107585435e-240
0.0
0.0
2.8900030121534372e-08
0.0
0.0
0.0
0.0
0.0
0.0
0.0
0.0
0.0
0.0
7.647493725330384e-09
5.100151490591656e-239
0.0
8.768868680197617e-132
3.38772059961662e-191
0.0
3.085528562533606e-191
0.0
1.1970006416185955e-15
4.804136507403248e-239
8.768868680197617e-132
0.0
0.0
0.0
0.0
0.0
0.0
0.0
0.0
0.0
0.0
1.427172194591928e-14
2.1820597926804934e-128
0.0
0.0
0.0
0.0
0.0
0.0
0.0
0.0
5.499186902943795e-63
