train user2[500...2000], test user2[0...500] & user0 & user1
0.0
0.0
0.0
0.0
0.0
0.0
0.0
0.0
0.0
0.0
0.0
0.0
6.677290932705793e-12
2.3350468228838007e-15
7.712535717389802e-16
1.6756881332310757e-16
1.723111056617134e-17
0.0
0.0
0.0
0.0
8.567597629523697e-12
0.0
0.0
0.0
0.0
0.0
0.0
0.0
0.0
0.0
0.0
0.0
0.0
0.0
5.23461283625717e-13
0.0
0.0
0.0
0.0
0.0
0.0
0.0
0.0
0.0
2.0183990532331383e-11
5.382194858065432e-16
0.0
1.1187879966587593e-21
0.0
0.0
0.0
0.0
0.0
0.0
0.0
0.0
0.0
0.0
8.87750803928356e-07
1.965339591024742e-07
8.87750803928356e-07
0.0
0.0
0.0
0.0
0.0
0.0
8.803271357383973e-07
8.705935513126434e-07
1.5661636978545525e-18
0.0
0.0
0.0
0.0
0.0
0.0
0.0
0.0
0.0
0.0
0.0
0.0
0.0
0.0
1.9017614767397257e-08
0.0
3.9094921473233514e-08
0.0
0.0
9.385438935788285e-09
0.0
0.0
0.0
0.0
0.0
0.0
0.0
0.0
0.0
0.0
0.0
0.0
0.0
0.0
0.0
0.0
0.0
0.0
0.0
0.0
0.0
0.0
0.0
0.0
0.0
0.0
0.0
0.0
0.0
0.0
0.0
8.775122094470903e-07
1.1981385794908683e-09
0.0
0.0
0.0
2.872551334923815e-08
0.0
0.0
0.0
0.0
0.0
3.191312415619312e-13
0.0
0.0
0.0
0.0
0.0
0.0
0.0
0.0
0.0
0.0
0.0
0.0
3.2919939676009734e-07
0.0
2.095306579585114e-10
1.3505903237501424e-09
0.0
0.0
9.243874774816898e-09
1.660837263245276e-07
8.848131707523602e-08
8.740834170695252e-07
1.9079748167708502e-08
2.3284017021661657e-07
0.0
0.0
8.87750803928356e-07
2.207482868559178e-11
0.0
0.0
0.0
1.626225709186197e-13
0.0
0.0
0.0
0.0
1.1457619002572195e-12
0.0
0.0
1.7195404109218336e-85
0.0
0.0
0.0
0.0
6.916378185585297e-08
0.0
0.0
0.0
0.0
4.929887365795711e-09
0.0
0.0
0.0
0.0
0.0
8.665118716743704e-07
0.0
0.0
0.0
0.0
1.2790785327565827e-09
2.2995967364141108e-10
7.767381239380984e-08
0.0
0.0
0.0
0.0
0.0
0.0
0.0
0.0
8.665118716743704e-07
0.0
0.0
0.0
1.5337856215789996e-08
8.87750803928356e-07
0.0
0.0
0.0
0.0
0.0
0.0
0.0
0.0
0.0
0.0
0.0
8.216448399792431e-08
0.0
0.0
0.0
3.357978955042978e-16
0.0
0.0
0.0
0.0
0.0
0.0
0.0
1.7923318813305223e-09
0.0
2.35069506906447e-11
0.0
0.0
0.0
0.0
1.6930269224e-312
3.793612544943396e-12
0.0
0.0
0.0
0.0
0.0
0.0
0.0
0.0
0.0
5.066785718722615e-19
0.0
0.0
0.0
0.0
0.0
1.2968372505616818e-19
0.0
0.0
0.0
0.0
0.0
0.0
0.0
0.0
0.0
0.0
0.0
0.0
0.0
0.0
0.0
0.0
0.0
0.0
0.0
0.0
0.0
0.0
0.0
0.0
0.0
0.0
0.0
0.0
0.0
0.0
0.0
0.0
0.0
0.0
0.0
0.0
0.0
0.0
0.0
0.0
0.0
0.0
0.0
0.0
0.0
0.0
0.0
0.0
0.0
0.0
0.0
0.0
0.0
0.0
0.0
0.0
0.0
0.0
0.0
0.0
0.0
0.0
0.0
0.0
4.1205059095728716e-302
0.0
0.0
0.0
0.0
0.0
0.0
0.0
0.0
0.0
0.0
0.0
0.0
0.0
0.0
0.0
0.0
0.0
0.0
0.0
0.0
0.0
0.0
0.0
0.0
0.0
0.0
0.0
0.0
0.0
0.0
0.0
0.0
0.0
0.0
0.0
0.0
0.0
0.0
0.0
0.0
0.0
0.0
0.0
0.0
0.0
0.0
0.0
0.0
0.0
0.0
0.0
0.0
0.0
0.0
0.0
0.0
0.0
0.0
0.0
0.0
0.0
0.0
0.0
0.0
0.0
0.0
0.0
0.0
0.0
0.0
0.0
0.0
0.0
0.0
0.0
0.0
0.0
0.0
0.0
0.0
0.0
0.0
0.0
0.0
0.0
0.0
0.0
5.148461447152268e-22
0.0
0.0
0.0
0.0
0.0
0.0
0.0
0.0
0.0
0.0
0.0
0.0
0.0
0.0
0.0
0.0
0.0
0.0
0.0
0.0
0.0
0.0
0.0
0.0
0.0
0.0
0.0
0.0
0.0
0.0
0.0
0.0
0.0
0.0
0.0
0.0
0.0
0.0
train user2[0...500]+user2[1000...2000], test user2[500...1000] & user0 & user1
1.3334884576498776e-242
2.6281639367117517e-11
1.3545043997218318e-09
0.0
3.1557448292086455e-13
1.9221474966637248e-19
1.0194507254091131e-16
0.0
0.0
0.0
0.0
6.593757427791051e-14
0.0
0.0
4.326484022581195e-12
0.0
0.0
0.0
0.0
0.0
1.32317189815557e-06
4.170512325203567e-12
0.0
0.0
7.139518758986842e-164
3.416504513658368e-13
4.7550662395565474e-15
8.84641101455113e-09
0.0
3.971222403424335e-18
4.6440915657517e-13
0.0
0.0
0.0
0.0
0.0
0.0
1.485399482980967e-18
0.0
0.0
0.0
0.0
0.0
0.0
7.043466150757245e-125
0.0
0.0
0.0
0.0
0.0
1.3623798126879978e-11
3.1513894299279813e-10
0.0
0.0
0.0
0.0
0.0
0.0
0.0
1.748576909024819e-07
9.092244649549307e-08
1.748576909024819e-07
0.0
0.0
0.0
0.0
0.0
0.0
2.3190485167287408e-07
2.004204503660212e-07
2.639636082763892e-18
0.0
0.0
0.0
0.0
0.0
0.0
0.0
0.0
0.0
0.0
0.0
0.0
0.0
0.0
2.2601828741604703e-08
0.0
1.868408105615554e-08
3.163285510650776e-08
0.0
1.9761363443207796e-09
0.0
0.0
0.0
0.0
3.9911434614257814e-51
1.401929394154762e-46
0.0
0.0
0.0
0.0
0.0
0.0
0.0
0.0
0.0
0.0
0.0
0.0
0.0
0.0
0.0
0.0
0.0
0.0
0.0
0.0
0.0
0.0
0.0
0.0
0.0
1.772547187406667e-07
6.507729615733137e-10
0.0
0.0
0.0
1.1843455825178465e-08
0.0
0.0
0.0
0.0
0.0
1.272431331170468e-18
0.0
0.0
0.0
0.0
0.0
0.0
0.0
0.0
0.0
0.0
0.0
0.0
1.154935686591071e-07
0.0
3.569000859133074e-10
1.0367795237039811e-239
0.0
0.0
1.614822086750586e-08
1.2752164700284522e-07
7.286618892112795e-08
1.8391121385171547e-07
2.286285686061109e-08
3.842246365102437e-08
0.0
2.290422620259311e-11
1.748576909024819e-07
8.879068035770023e-41
0.0
0.0
0.0
2.1819135284986733e-32
0.0
0.0
0.0
0.0
4.480512626362957e-13
0.0
0.0
6.333774651711136e-37
0.0
0.0
0.0
5.470771412504619e-15
5.613197080663083e-08
0.0
0.0
0.0
0.0
1.2465717319121532e-08
0.0
0.0
0.0
0.0
0.0
2.401643130197119e-07
0.0
0.0
0.0
0.0
1.883013957186052e-09
1.079903032530839e-09
7.253941698642877e-08
0.0
0.0
0.0
0.0
0.0
0.0
0.0
0.0
2.401643130197119e-07
0.0
0.0
0.0
1.2952585217424055e-08
1.748576909024819e-07
0.0
0.0
0.0
0.0
0.0
0.0
0.0
0.0
0.0
0.0
0.0
4.959304685404677e-08
0.0
0.0
0.0
9.794656344013452e-35
0.0
0.0
0.0
0.0
0.0
0.0
0.0
4.644360950707216e-09
0.0
2.6955510456884748e-11
0.0
0.0
0.0
0.0
7.148936507995151e-34
9.394732590156186e-31
0.0
0.0
0.0
0.0
0.0
0.0
0.0
0.0
0.0
1.3557956416993477e-19
0.0
0.0
0.0
0.0
0.0
6.057075440439597e-19
0.0
0.0
0.0
0.0
0.0
0.0
0.0
0.0
0.0
0.0
0.0
0.0
0.0
0.0
0.0
0.0
0.0
0.0
0.0
0.0
0.0
0.0
0.0
0.0
0.0
0.0
0.0
0.0
0.0
0.0
0.0
0.0
0.0
0.0
0.0
0.0
0.0
0.0
0.0
0.0
1.3623798126879978e-11
0.0
0.0
0.0
0.0
0.0
0.0
0.0
0.0
0.0
0.0
0.0
0.0
0.0
0.0
0.0
0.0
0.0
0.0
0.0
0.0
0.0
0.0
0.0
0.0
0.0
0.0
0.0
0.0
0.0
0.0
0.0
0.0
0.0
0.0
0.0
0.0
0.0
0.0
0.0
0.0
0.0
0.0
0.0
0.0
0.0
0.0
0.0
0.0
0.0
0.0
0.0
0.0
0.0
0.0
0.0
0.0
0.0
0.0
0.0
0.0
0.0
0.0
0.0
0.0
0.0
0.0
0.0
0.0
0.0
0.0
0.0
0.0
0.0
0.0
0.0
0.0
0.0
0.0
0.0
0.0
0.0
0.0
0.0
0.0
0.0
0.0
0.0
0.0
0.0
0.0
0.0
0.0
0.0
0.0
0.0
0.0
0.0
0.0
0.0
0.0
0.0
0.0
0.0
0.0
0.0
0.0
0.0
0.0
0.0
0.0
0.0
5.009551827488909e-50
0.0
0.0
0.0
0.0
0.0
0.0
1.7223314133131008e-23
0.0
0.0
0.0
0.0
0.0
0.0
0.0
0.0
0.0
0.0
0.0
0.0
0.0
0.0
0.0
0.0
0.0
0.0
0.0
0.0
0.0
0.0
0.0
0.0
0.0
0.0
0.0
0.0
0.0
0.0
0.0
train user2[0...1000]+user2[1500...2000], test user2[1000...1500] & user0 & user1
0.0
2.022803511063405e-203
0.0
0.0
0.0
8.232023196211515e-15
0.0
0.0
0.0
0.0
0.0
0.0
1.1129869483364865e-14
0.0
0.0
0.0
0.0
0.0
0.0
0.0
0.0
0.0
0.0
0.0
0.0
3.073485342579122e-146
0.0
1.7919204455540232e-16
1.0573351939432505e-244
2.1272951099874216e-233
0.0
0.0
0.0
0.0
0.0
0.0
9.606817212068518e-195
0.0
0.0
0.0
0.0
0.0
6.653768579444442e-08
2.0815244794758e-21
2.5275311098418102e-129
7.055932249584797e-10
9.307333090017307e-13
8.613735973060184e-09
1.1963884972215062e-11
1.0940007765276081e-13
4.201809863885449e-11
6.898914837666642e-10
0.0
0.0
0.0
0.0
0.0
0.0
0.0
1.0869330105613569e-07
1.2939054664023578e-08
1.0869330105613569e-07
0.0
0.0
0.0
0.0
0.0
0.0
1.3884047119868363e-07
1.272825158271166e-07
0.0
0.0
0.0
0.0
0.0
0.0
0.0
0.0
0.0
0.0
0.0
0.0
0.0
0.0
0.0
2.6666862846421574e-09
0.0
1.2300629096104952e-08
5.876849894177161e-09
0.0
1.3978993008681197e-10
0.0
0.0
0.0
0.0
3.63295423271374e-20
4.094776078621141e-18
0.0
0.0
0.0
0.0
0.0
0.0
0.0
0.0
0.0
0.0
0.0
0.0
0.0
0.0
0.0
0.0
0.0
0.0
0.0
0.0
0.0
0.0
0.0
0.0
0.0
1.1241355258045621e-07
1.3238249092524155e-09
0.0
0.0
0.0
1.9448698599813768e-09
0.0
0.0
0.0
0.0
0.0
7.93335403226806e-16
0.0
0.0
0.0
0.0
0.0
0.0
0.0
0.0
0.0
0.0
0.0
0.0
8.321747273515412e-08
0.0
6.229844570145134e-12
4.922659727090402e-196
0.0
0.0
2.024970138816053e-09
1.6467554284909785e-08
1.5759425792328716e-08
1.1737657672859196e-07
2.115936971095715e-09
2.328839251831603e-08
0.0
7.0071191981201825e-12
1.0869330105613569e-07
0.0
0.0
0.0
0.0
2.810619799327557e-14
0.0
0.0
0.0
0.0
3.182921540870408e-13
0.0
0.0
1.1079605236601778e-193
0.0
0.0
0.0
3.848302459659352e-15
8.86548033086654e-09
0.0
0.0
0.0
0.0
1.091061485573256e-09
0.0
0.0
0.0
0.0
0.0
1.4701743190522885e-07
0.0
0.0
0.0
0.0
2.4638992961915975e-10
1.6415781832327487e-10
1.43835023684934e-08
0.0
0.0
0.0
0.0
0.0
0.0
0.0
0.0
1.4701743190522885e-07
0.0
0.0
0.0
1.4689065633419857e-09
1.0869330105613569e-07
0.0
0.0
0.0
0.0
0.0
0.0
0.0
0.0
0.0
0.0
0.0
1.5799377066466297e-08
0.0
0.0
0.0
2.6500371653155327e-18
0.0
0.0
0.0
0.0
0.0
0.0
0.0
3.6872234672974317e-10
0.0
1.867107716304026e-13
0.0
0.0
0.0
0.0
4.800888119215389e-243
5.855051475827637e-17
0.0
0.0
0.0
0.0
0.0
0.0
0.0
0.0
0.0
0.0
0.0
0.0
0.0
0.0
0.0
0.0
0.0
0.0
0.0
0.0
0.0
0.0
0.0
0.0
0.0
0.0
0.0
0.0
0.0
0.0
0.0
0.0
0.0
0.0
0.0
0.0
0.0
0.0
0.0
0.0
0.0
0.0
0.0
0.0
0.0
0.0
0.0
0.0
0.0
0.0
0.0
0.0
0.0
0.0
0.0
0.0
4.201809863885449e-11
0.0
0.0
0.0
0.0
0.0
0.0
0.0
0.0
0.0
0.0
0.0
0.0
0.0
0.0
0.0
0.0
0.0
0.0
0.0
0.0
0.0
0.0
0.0
0.0
0.0
0.0
0.0
0.0
0.0
0.0
0.0
0.0
0.0
0.0
0.0
0.0
0.0
0.0
0.0
0.0
0.0
0.0
0.0
0.0
0.0
0.0
0.0
0.0
0.0
0.0
0.0
0.0
0.0
0.0
0.0
0.0
0.0
0.0
0.0
0.0
0.0
0.0
0.0
0.0
0.0
0.0
0.0
0.0
0.0
0.0
0.0
0.0
0.0
0.0
0.0
0.0
0.0
0.0
0.0
0.0
0.0
0.0
0.0
0.0
0.0
0.0
0.0
0.0
0.0
0.0
0.0
0.0
0.0
0.0
0.0
0.0
0.0
0.0
0.0
0.0
0.0
0.0
0.0
0.0
0.0
0.0
0.0
0.0
0.0
0.0
0.0
0.0
0.0
0.0
0.0
0.0
0.0
0.0
2.7714171250857906e-18
0.0
0.0
0.0
0.0
0.0
0.0
0.0
0.0
0.0
0.0
0.0
0.0
0.0
0.0
0.0
0.0
0.0
0.0
0.0
0.0
0.0
0.0
0.0
0.0
0.0
0.0
0.0
0.0
0.0
0.0
0.0
train user2[0...1500], test user2[1500...2000] & user0 & user1
0.0
0.0
0.0
4.348946773213182e-151
1.4976443527262545e-08
8.220430649716603e-14
0.0
1.2437664091343078e-09
8.553380122459871e-12
9.94084391396752e-19
6.419513461779024e-17
2.899071843781127e-13
6.143799900535217e-16
0.0
1.0501844610522445e-09
6.219362825570229e-15
7.4390904732617e-13
0.0
4.692405439535552e-09
1.218290609584398e-10
1.8218468427101397e-10
3.2479080627398826e-10
8.370589711427488e-18
3.5791356889013407e-19
0.0
0.0
0.0
4.011456307842896e-10
3.2479080627398826e-10
3.0405278135181855e-12
9.207987149728283e-10
0.0
0.0
0.0
4.886053913336649e-15
3.5796462742582475e-13
0.0
5.8225360823017345e-15
2.2521190524087313e-10
1.8665461145584793e-13
3.274310821657727e-111
7.845476144618488e-93
4.3079430897031015e-12
0.0
0.0
2.4142374106795675e-19
0.0
6.771477175316947e-23
0.0
0.0
7.452557798855813e-11
6.658076140026441e-10
0.0
0.0
0.0
0.0
0.0
0.0
0.0
2.8172097138210803e-08
5.935861358195322e-09
2.8172097138210803e-08
0.0
0.0
0.0
0.0
0.0
0.0
3.8374583607518096e-08
3.007713242780994e-08
4.255234426850237e-20
0.0
0.0
0.0
0.0
0.0
0.0
0.0
0.0
0.0
0.0
0.0
0.0
0.0
0.0
1.019701391649067e-09
0.0
2.082550254671742e-10
3.0367311988781864e-09
0.0
2.891411071393524e-10
0.0
0.0
0.0
0.0
0.0
0.0
0.0
0.0
0.0
0.0
0.0
0.0
0.0
0.0
0.0
0.0
0.0
0.0
0.0
0.0
0.0
0.0
0.0
0.0
0.0
0.0
0.0
0.0
0.0
0.0
0.0
2.9361184581652188e-08
4.10492851362925e-12
0.0
0.0
0.0
2.0891797884665596e-10
0.0
0.0
0.0
0.0
0.0
7.513751270869406e-17
0.0
0.0
0.0
0.0
0.0
0.0
0.0
0.0
0.0
0.0
0.0
0.0
2.585450227121553e-08
0.0
1.2025281662527505e-10
1.6386374313889236e-94
0.0
0.0
1.139689638482793e-09
9.045753218505337e-09
5.936087674809057e-09
2.9390338704049778e-08
1.0760099306376903e-09
2.376569332975173e-09
0.0
0.0
2.8172097138210803e-08
8.369573331925884e-34
0.0
0.0
0.0
7.162069706085916e-15
0.0
0.0
0.0
0.0
1.8518428197428328e-13
0.0
0.0
2.0686597399654738e-206
0.0
0.0
0.0
2.8507962277075698e-15
5.251450225817556e-09
0.0
0.0
0.0
0.0
1.495090174773391e-10
0.0
0.0
0.0
0.0
0.0
3.8415852341260804e-08
0.0
0.0
0.0
0.0
4.200021946821442e-11
0.0
6.007453200281483e-09
0.0
0.0
0.0
0.0
0.0
0.0
0.0
0.0
3.8415852341260804e-08
0.0
0.0
0.0
7.26611239261949e-10
2.8172097138210803e-08
0.0
0.0
0.0
0.0
0.0
0.0
0.0
0.0
0.0
0.0
0.0
4.39188912323172e-09
0.0
0.0
0.0
7.686857688149668e-16
0.0
0.0
0.0
0.0
0.0
0.0
0.0
1.7414064088419444e-10
0.0
7.434463916777671e-13
0.0
0.0
0.0
0.0
7.781768695978809e-16
8.227457364124609e-13
0.0
0.0
0.0
0.0
0.0
0.0
0.0
0.0
0.0
8.385717737650058e-21
0.0
0.0
0.0
0.0
0.0
3.3559654894100485e-18
0.0
0.0
0.0
0.0
0.0
0.0
0.0
0.0
0.0
0.0
0.0
0.0
0.0
0.0
0.0
0.0
0.0
0.0
0.0
0.0
0.0
0.0
0.0
0.0
0.0
0.0
0.0
0.0
0.0
0.0
0.0
0.0
0.0
0.0
0.0
0.0
0.0
0.0
0.0
0.0
7.452557798855813e-11
0.0
0.0
0.0
0.0
0.0
0.0
0.0
0.0
0.0
0.0
0.0
0.0
0.0
0.0
0.0
0.0
0.0
0.0
0.0
0.0
0.0
0.0
0.0
8.196358896321807e-25
0.0
0.0
0.0
0.0
0.0
0.0
0.0
0.0
0.0
0.0
0.0
0.0
0.0
0.0
0.0
0.0
0.0
0.0
0.0
0.0
0.0
0.0
0.0
0.0
0.0
0.0
0.0
0.0
0.0
0.0
0.0
0.0
0.0
0.0
0.0
0.0
0.0
0.0
0.0
0.0
0.0
0.0
0.0
0.0
0.0
0.0
0.0
0.0
0.0
0.0
0.0
0.0
0.0
0.0
0.0
0.0
0.0
0.0
0.0
0.0
0.0
0.0
0.0
0.0
0.0
0.0
0.0
0.0
0.0
0.0
0.0
0.0
0.0
0.0
0.0
0.0
0.0
0.0
0.0
0.0
0.0
0.0
0.0
0.0
0.0
0.0
0.0
1.3748831835446848e-20
0.0
0.0
0.0
0.0
0.0
0.0
1.9401754783113092e-19
0.0
0.0
0.0
0.0
0.0
0.0
0.0
0.0
0.0
0.0
0.0
0.0
0.0
0.0
0.0
0.0
0.0
0.0
0.0
0.0
0.0
0.0
0.0
0.0
0.0
0.0
0.0
0.0
0.0
0.0
0.0
